# eigenvals_a eigenvals_b
-4.076113468621215929e+00 -3.870811213270251461e+00
-4.076113468621213265e+00 -3.870811213270243911e+00
-4.073108269570382411e+00 -3.869422590683195828e+00
-4.073108269570377971e+00 -3.869422590683195828e+00
-4.068103840295052009e+00 -3.867105427707850041e+00
-4.068103840295051121e+00 -3.867105427707846044e+00
-4.061106534918653033e+00 -3.863855571715888892e+00
-4.061106534918649480e+00 -3.863855571715883563e+00
-4.052125250055057748e+00 -3.859667279177624533e+00
-4.052125250055051531e+00 -3.859667279177623644e+00
-4.041171425701930886e+00 -3.854533284467284826e+00
-4.041171425701930886e+00 -3.854533284467284382e+00
-4.028259046464003568e+00 -3.848444886452122127e+00
-4.028259046464002679e+00 -3.848444886452120794e+00
-4.013404643162388652e+00 -3.841392051537650065e+00
-4.013404643162386876e+00 -3.841392051537649177e+00
-3.996627294898559501e+00 -3.833363531628406484e+00
-3.996627294898557725e+00 -3.833363531628406040e+00
-3.977948631654152134e+00 -3.824346995293831153e+00
-3.977948631654150358e+00 -3.824346995293828044e+00
-3.957392837520211426e+00 -3.814329170304735950e+00
-3.957392837520204321e+00 -3.814329170304726624e+00
-3.934986654661853045e+00 -3.803295995628320103e+00
-3.934986654661847716e+00 -3.803295995628319215e+00
-3.910759388136709092e+00 -3.791232780937373814e+00
-3.910759388136706427e+00 -3.791232780937370261e+00
-3.884742911697000700e+00 -3.778124371700410045e+00
-3.884742911696997147e+00 -3.778124371700403827e+00
-3.856971674717086351e+00 -3.763955317969293279e+00
-3.856971674717084131e+00 -3.763955317969291503e+00
-3.827482710398574905e+00 -3.748710045064956642e+00
-3.827482710398569576e+00 -3.748710045064953977e+00
-3.796315645415117679e+00 -3.732373024474825218e+00
-3.796315645415115902e+00 -3.732373024474821666e+00
-3.763512711167454672e+00 -3.714928943410891637e+00
-3.763512711167449343e+00 -3.714928943410891193e+00
-3.729118756825585468e+00 -3.696362871630085589e+00
-3.729118756825581027e+00 -3.696362871630084701e+00
-3.693181264339576497e+00 -3.676660424281840367e+00
-3.693181264339572945e+00 -3.676660424281838591e+00
-3.655750365600822338e+00 -3.655807919717491306e+00
-3.655750365600821006e+00 -3.655807919717490417e+00
-3.616878861932756983e+00 -3.633792531366267564e+00
-3.616878861932753431e+00 -3.633792531366266232e+00
-3.576622246080777945e+00 -3.610602432950245078e+00
-3.576622246080772172e+00 -3.610602432950244634e+00
-3.535038726855372904e+00 -3.586226936471351046e+00
-3.535038726855370683e+00 -3.586226936471349713e+00
-3.492189256557224120e+00 -3.560656622555485651e+00
-3.492189256557222787e+00 -3.560656622555485651e+00
-3.448137561276148677e+00 -3.533883462879336523e+00
-3.448137561276145568e+00 -3.533883462879332971e+00
-3.402950174104005132e+00 -3.505900934533716651e+00
-3.402950174104004244e+00 -3.505900934533711322e+00
-3.356696471230872447e+00 -3.476704126292096131e+00
-3.356696471230871115e+00 -3.476704126292093466e+00
-3.309448710798714277e+00 -3.446289836854607547e+00
-3.309448710798713389e+00 -3.446289836854607547e+00
-3.261282074261283803e+00 -3.414656665225457743e+00
-3.261282074261283359e+00 -3.414656665225450194e+00
-3.212274709834507025e+00 -3.381805093457098899e+00
-3.212274709834506137e+00 -3.381805093457092681e+00
-3.162507777408195775e+00 -3.347737562057232719e+00
-3.162507777408193554e+00 -3.347737562057231830e+00
-3.112065494014404354e+00 -3.312458538406117814e+00
-3.112065494014403466e+00 -3.312458538406116038e+00
-3.061035178593920936e+00 -3.275974578573010998e+00
-3.061035178593915163e+00 -3.275974578573010110e+00
-3.009507294349505369e+00 -3.238294382952389583e+00
-3.009507294349501816e+00 -3.238294382952386030e+00
-2.957575486397185927e+00 -3.199428846164131812e+00
-2.957575486397183262e+00 -3.199428846164127371e+00
-2.905336611692177051e+00 -3.159391101678299396e+00
-2.905336611692172166e+00 -3.159391101678295399e+00
-2.852890757274744171e+00 -3.118196561635140363e+00
-2.852890757274741507e+00 -3.118196561635136366e+00
-2.800341241702861694e+00 -3.075862952335483680e+00
-2.800341241702860806e+00 -3.075862952335481904e+00
-2.747794593052961254e+00 -3.032410345876421331e+00
-2.747794593052959478e+00 -3.032410345876421331e+00
-2.695360495004455625e+00 -2.987861188402730406e+00
-2.695360495004453405e+00 -2.987861188402729962e+00
-2.643151690191867687e+00 -2.942240325436054960e+00
-2.643151690191867242e+00 -2.942240325436052739e+00
-2.591283827113528115e+00 -2.895575024732045311e+00
-2.591283827113526339e+00 -2.895575024732043978e+00
-2.539875233322268056e+00 -2.847894997099967185e+00
-2.539875233322267611e+00 -2.847894997099966297e+00
-2.489046593289261811e+00 -2.799232415599987700e+00
-2.489046593289259590e+00 -2.799232415599986368e+00
-2.438920504144720613e+00 -2.749621933509777350e+00
-2.438920504144718393e+00 -2.749621933509772465e+00
-2.389620876431194141e+00 -2.699100701423533089e+00
-2.389620876431193253e+00 -2.699100701423532644e+00
-2.341272140137363511e+00 -2.647708383812047206e+00
-2.341272140137363067e+00 -2.647708383812045430e+00
-2.293998208887152668e+00 -2.595487175330815077e+00
-2.293998208887151335e+00 -2.595487175330813301e+00
-2.247921147835664879e+00 -2.542481817112528741e+00
-2.247921147835662214e+00 -2.542481817112527409e+00
-2.203159484657700062e+00 -2.488739613218564184e+00
-2.203159484657699618e+00 -2.488739613218563740e+00
-2.159826099809178945e+00 -2.434310447348790873e+00
-2.159826099809176725e+00 -2.434310447348788209e+00
-2.118025634751843800e+00 -2.379246799816928881e+00
-2.118025634751840247e+00 -2.379246799816927105e+00
-2.077851368962249978e+00 -2.323603764686316797e+00
-2.077851368962244205e+00 -2.323603764686312800e+00
-2.039381543358702586e+00 -2.267439066823856653e+00
-2.039381543358700810e+00 -2.267439066823855764e+00
-2.002675155092554782e+00 -2.210813078463687908e+00
-2.002675155092552117e+00 -2.210813078463686576e+00
-1.967767321907543776e+00 -2.153788834670978591e+00
-1.967767321907542666e+00 -2.153788834670977703e+00
-1.934664416374740625e+00 -2.096432046854986186e+00
-1.934664416374740625e+00 -2.096432046854985298e+00
-1.903339298277101577e+00 -2.038811113192869229e+00
-1.903339298277098912e+00 -2.038811113192866564e+00
-1.873727114279799988e+00 -1.980997124486158834e+00
-1.873727114279798656e+00 -1.980997124486158834e+00
-1.845722261280783760e+00 -1.923063863575508625e+00
-1.845722261280783316e+00 -1.923063863575508403e+00
-1.819177182838753515e+00 -1.865087795982643293e+00
-1.819177182838753293e+00 -1.865087795982642849e+00
-1.793903637337235679e+00 -1.807148048931274564e+00
-1.793903637337234569e+00 -1.807148048931274342e+00
-1.769676897478292599e+00 -1.749326375324636418e+00
-1.769676897478289712e+00 -1.749326375324633753e+00
-1.746242995823428235e+00 -1.691707098636703765e+00
-1.746242995823427346e+00 -1.691707098636703321e+00
-1.723328655488613581e+00 -1.634377034026760045e+00
-1.723328655488613359e+00 -1.634377034026759379e+00
-1.700653041261215526e+00 -1.577425380343774108e+00
-1.700653041261214637e+00 -1.577425380343773886e+00
-1.677940087266738267e+00 -1.520943577096083299e+00
-1.677940087266737823e+00 -1.520943577096082855e+00
-1.654930045217639423e+00 -1.465025119988091928e+00
-1.654930045217638979e+00 -1.465025119988091484e+00
-1.631389103722128642e+00 -1.409765328357577951e+00
-1.631389103722127976e+00 -1.409765328357577729e+00
-1.607116375864346081e+00 -1.355261057893970111e+00
-1.607116375864344970e+00 -1.355261057893969667e+00
-1.581948074035689711e+00 -1.301610352510505608e+00
-1.581948074035689045e+00 -1.301610352510504942e+00
-1.555759128057301544e+00 -1.248912030325485478e+00
-1.555759128057301321e+00 -1.248912030325485034e+00
-1.528462770005958316e+00 -1.197265200524339601e+00
-1.528462770005957871e+00 -1.197265200524339157e+00
-1.500008704574932850e+00 -1.146768710548123460e+00
-1.500008704574932183e+00 -1.146768710548122128e+00
-1.470380453781195529e+00 -1.097520526656960760e+00
-1.470380453781195307e+00 -1.097520526656960094e+00
-1.439592366589645067e+00 -1.049617055430682955e+00
-1.439592366589644845e+00 -1.049617055430682511e+00
-1.407686663438634467e+00 -1.003152419044988086e+00
-1.407686663438634245e+00 -1.003152419044987642e+00
-1.374730771194960344e+00 -9.582177028848146705e-01
-1.374730771194959900e+00 -9.582177028848142264e-01
-1.340815109296242813e+00 -9.149001997272726561e-01
-1.340815109296242147e+00 -9.149001997272709907e-01
-1.306051416273998234e+00 -8.732826796721311347e-01
-1.306051416273997123e+00 -8.732826796721308016e-01
-1.270571655321258930e+00 -8.334427184310359005e-01
-1.270571655321258264e+00 -8.334427184310353454e-01
-1.234527503186378050e+00 -7.954521177104970642e-01
-1.234527503186375386e+00 -7.954521177104963980e-01
-1.198090402514094377e+00 -7.593764495812728166e-01
-1.198090402514094155e+00 -7.593764495812714843e-01
-1.161452137579715993e+00 -7.252747515652213650e-01
-1.161452137579714217e+00 -7.252747515652194776e-01
-1.124825870746832157e+00 -6.931993907863136517e-01
-1.124825870746830825e+00 -6.931993907863127635e-01
-1.088447545129459071e+00 -6.631961045448666603e-01
-1.088447545129458627e+00 -6.631961045448663272e-01
-1.052577510509212333e+00 -6.353042121976910650e-01
-1.052577510509212111e+00 -6.353042121976900658e-01
-1.017502156832335025e+00 -6.095569807246002947e-01
-1.017502156832334137e+00 -6.095569807245995175e-01
-9.835352356152030628e-01 -5.859821154042396119e-01
-9.835352356152021747e-01 -5.859821154042383906e-01
-9.510184109372633587e-01 -5.646023390068350967e-01
-9.510184109372620265e-01 -5.646023390068346526e-01
-9.203204142087821893e-01 -5.454360188089871775e-01
-9.203204142087806350e-01 -5.454360188089864003e-01
-8.918340046133641508e-01 -5.284978009241577679e-01
-8.918340046133640397e-01 -5.284978009241574348e-01
-8.659698137839408894e-01 -5.137992156618171880e-01
-8.659698137839397791e-01 -5.137992156618167439e-01
-8.431461709861792775e-01 -5.013492250483300161e-01
-8.431461709861787224e-01 -5.013492250483293500e-01
-8.237742881415436313e-01 -4.911546930190960336e-01
-8.237742881415419660e-01 -4.911546930190955895e-01
-8.082388499143760008e-01 -4.832207686666531998e-01
-8.082388499143757787e-01 -4.832207686666527557e-01
-7.968751298472529498e-01 -4.775511818482620074e-01
-7.968751298472527278e-01 -4.775511818482612858e-01
-7.899450677490904571e-01 -4.741484571773990075e-01
-7.899450677490896799e-01 -4.741484571773985635e-01
-4.028066274519178901e-15 -1.990755066380693278e-15
-3.740010615616532360e-15 -1.347485142619884196e-15
3.567110039053621409e-15 -4.857961571074123531e-16
6.095003079204034688e-15 3.578486105821587792e-15
7.899450677490895689e-01 4.741484571773939560e-01
7.899450677490943429e-01 4.741484571774001178e-01
7.968751298472525058e-01 4.775511818482614523e-01
7.968751298472537270e-01 4.775511818482632842e-01
8.082388499143765559e-01 4.832207686666515345e-01
8.082388499143772220e-01 4.832207686666550872e-01
8.237742881415369700e-01 4.911546930190939242e-01
8.237742881415451857e-01 4.911546930190983096e-01
8.431461709861757248e-01 5.013492250483299051e-01
8.431461709861796106e-01 5.013492250483317925e-01
8.659698137839406673e-01 5.137992156618166328e-01
8.659698137839414445e-01 5.137992156618177431e-01
8.918340046133650389e-01 5.284978009241551034e-01
8.918340046133651500e-01 5.284978009241591002e-01
9.203204142087800799e-01 5.454360188089855122e-01
9.203204142087804129e-01 5.454360188089900641e-01
9.510184109372610273e-01 5.646023390068347636e-01
9.510184109372610273e-01 5.646023390068365400e-01
9.835352356151974007e-01 5.859821154042391678e-01
9.835352356152031739e-01 5.859821154042395008e-01
1.017502156832333249e+00 6.095569807246006278e-01
1.017502156832334803e+00 6.095569807246030702e-01
1.052577510509213221e+00 6.353042121976916201e-01
1.052577510509215220e+00 6.353042121976930634e-01
1.088447545129456628e+00 6.631961045448666603e-01
1.088447545129461069e+00 6.631961045448688807e-01
1.124825870746831269e+00 6.931993907863142068e-01
1.124825870746832823e+00 6.931993907863156501e-01
1.161452137579717547e+00 7.252747515652204768e-01
1.161452137579718213e+00 7.252747515652214760e-01
1.198090402514089492e+00 7.593764495812723725e-01
1.198090402514095043e+00 7.593764495812734827e-01
1.234527503186375164e+00 7.954521177104979524e-01
1.234527503186377606e+00 7.954521177104989516e-01
1.270571655321258264e+00 8.334427184310356784e-01
1.270571655321259152e+00 8.334427184310367887e-01
1.306051416273994903e+00 8.732826796721332441e-01
1.306051416273998234e+00 8.732826796721339102e-01
1.340815109296242369e+00 9.149001997272729891e-01
1.340815109296245256e+00 9.149001997272731002e-01
1.374730771194958567e+00 9.582177028848138933e-01
1.374730771194959456e+00 9.582177028848167799e-01
1.407686663438635133e+00 1.003152419044988530e+00
1.407686663438637131e+00 1.003152419044989196e+00
1.439592366589644179e+00 1.049617055430683621e+00
1.439592366589644401e+00 1.049617055430683621e+00
1.470380453781193975e+00 1.097520526656959872e+00
1.470380453781196639e+00 1.097520526656962092e+00
1.500008704574929963e+00 1.146768710548124126e+00
1.500008704574931295e+00 1.146768710548124348e+00
1.528462770005952986e+00 1.197265200524340489e+00
1.528462770005959426e+00 1.197265200524341600e+00
1.555759128057299545e+00 1.248912030325484590e+00
1.555759128057302210e+00 1.248912030325486366e+00
1.581948074035688379e+00 1.301610352510506496e+00
1.581948074035690155e+00 1.301610352510507163e+00
1.607116375864344304e+00 1.355261057893968557e+00
1.607116375864345859e+00 1.355261057893971888e+00
1.631389103722125755e+00 1.409765328357579284e+00
1.631389103722128198e+00 1.409765328357582170e+00
1.654930045217636980e+00 1.465025119988092372e+00
1.654930045217637646e+00 1.465025119988093705e+00
1.677940087266737823e+00 1.520943577096082855e+00
1.677940087266741154e+00 1.520943577096085075e+00
1.700653041261215526e+00 1.577425380343769890e+00
1.700653041261216414e+00 1.577425380343773664e+00
1.723328655488610694e+00 1.634377034026757380e+00
1.723328655488611805e+00 1.634377034026758269e+00
1.746242995823427346e+00 1.691707098636704210e+00
1.746242995823429567e+00 1.691707098636704210e+00
1.769676897478286604e+00 1.749326375324633309e+00
1.769676897478291266e+00 1.749326375324634864e+00
1.793903637337235235e+00 1.807148048931273232e+00
1.793903637337237011e+00 1.807148048931277007e+00
1.819177182838753071e+00 1.865087795982642405e+00
1.819177182838754403e+00 1.865087795982646401e+00
1.845722261280782428e+00 1.923063863575507737e+00
1.845722261280789089e+00 1.923063863575509957e+00
1.873727114279797767e+00 1.980997124486157723e+00
1.873727114279799100e+00 1.980997124486157945e+00
1.903339298277100244e+00 2.038811113192868785e+00
1.903339298277101577e+00 2.038811113192870117e+00
1.934664416374741291e+00 2.096432046854984410e+00
1.934664416374741513e+00 2.096432046854988851e+00
1.967767321907543554e+00 2.153788834670976815e+00
1.967767321907549105e+00 2.153788834670977703e+00
2.002675155092553450e+00 2.210813078463684800e+00
2.002675155092554338e+00 2.210813078463685244e+00
2.039381543358701698e+00 2.267439066823853100e+00
2.039381543358703475e+00 2.267439066823855764e+00
2.077851368962246870e+00 2.323603764686313689e+00
2.077851368962247758e+00 2.323603764686315021e+00
2.118025634751840247e+00 2.379246799816926661e+00
2.118025634751843356e+00 2.379246799816928881e+00
2.159826099809176725e+00 2.434310447348789541e+00
2.159826099809177169e+00 2.434310447348789985e+00
2.203159484657698730e+00 2.488739613218561963e+00
2.203159484657698730e+00 2.488739613218563296e+00
2.247921147835660438e+00 2.542481817112527409e+00
2.247921147835663991e+00 2.542481817112529185e+00
2.293998208887150891e+00 2.595487175330811969e+00
2.293998208887154888e+00 2.595487175330814189e+00
2.341272140137359514e+00 2.647708383812045430e+00
2.341272140137363511e+00 2.647708383812046318e+00
2.389620876431192809e+00 2.699100701423532644e+00
2.389620876431194585e+00 2.699100701423533977e+00
2.438920504144713508e+00 2.749621933509777794e+00
2.438920504144721058e+00 2.749621933509777794e+00
2.489046593289255593e+00 2.799232415599985035e+00
2.489046593289260922e+00 2.799232415599987256e+00
2.539875233322266723e+00 2.847894997099963632e+00
2.539875233322269388e+00 2.847894997099967185e+00
2.591283827113529892e+00 2.895575024732044866e+00
2.591283827113530336e+00 2.895575024732047531e+00
2.643151690191866798e+00 2.942240325436052739e+00
2.643151690191870351e+00 2.942240325436054071e+00
2.695360495004452517e+00 2.987861188402729518e+00
2.695360495004453405e+00 2.987861188402733070e+00
2.747794593052959478e+00 3.032410345876423108e+00
2.747794593052961254e+00 3.032410345876424884e+00
2.800341241702860362e+00 3.075862952335483680e+00
2.800341241702860362e+00 3.075862952335485456e+00
2.852890757274741507e+00 3.118196561635138142e+00
2.852890757274742839e+00 3.118196561635138586e+00
2.905336611692172166e+00 3.159391101678285185e+00
2.905336611692173499e+00 3.159391101678293623e+00
2.957575486397183706e+00 3.199428846164125151e+00
2.957575486397184150e+00 3.199428846164129592e+00
3.009507294349504924e+00 3.238294382952384698e+00
3.009507294349511586e+00 3.238294382952385586e+00
3.061035178593915163e+00 3.275974578573009222e+00
3.061035178593915607e+00 3.275974578573009666e+00
3.112065494014402134e+00 3.312458538406113373e+00
3.112065494014404354e+00 3.312458538406114705e+00
3.162507777408193554e+00 3.347737562057232275e+00
3.162507777408194887e+00 3.347737562057234051e+00
3.212274709834507913e+00 3.381805093457090905e+00
3.212274709834508357e+00 3.381805093457095346e+00
3.261282074261282027e+00 3.414656665225451082e+00
3.261282074261283803e+00 3.414656665225453747e+00
3.309448710798712501e+00 3.446289836854604438e+00
3.309448710798713389e+00 3.446289836854607103e+00
3.356696471230871115e+00 3.476704126292093022e+00
3.356696471230876000e+00 3.476704126292097907e+00
3.402950174104005132e+00 3.505900934533707769e+00
3.402950174104006020e+00 3.505900934533712210e+00
3.448137561276146901e+00 3.533883462879333859e+00
3.448137561276147345e+00 3.533883462879337412e+00
3.492189256557224564e+00 3.560656622555484763e+00
3.492189256557225896e+00 3.560656622555485651e+00
3.535038726855368907e+00 3.586226936471341276e+00
3.535038726855369351e+00 3.586226936471350157e+00
3.576622246080771728e+00 3.610602432950243745e+00
3.576622246080773060e+00 3.610602432950245078e+00
3.616878861932756983e+00 3.633792531366267120e+00
3.616878861932756983e+00 3.633792531366269341e+00
3.655750365600820562e+00 3.655807919717485532e+00
3.655750365600825003e+00 3.655807919717489529e+00
3.693181264339571168e+00 3.676660424281840367e+00
3.693181264339571168e+00 3.676660424281843920e+00
3.729118756825583247e+00 3.696362871630086033e+00
3.729118756825585024e+00 3.696362871630087366e+00
3.763512711167449787e+00 3.714928943410888529e+00
3.763512711167450675e+00 3.714928943410891193e+00
3.796315645415116791e+00 3.732373024474819445e+00
3.796315645415116791e+00 3.732373024474820333e+00
3.827482710398568244e+00 3.748710045064950869e+00
3.827482710398570465e+00 3.748710045064953089e+00
3.856971674717085463e+00 3.763955317969289283e+00
3.856971674717086795e+00 3.763955317969289727e+00
3.884742911696996703e+00 3.778124371700409156e+00
3.884742911696997592e+00 3.778124371700414930e+00
3.910759388136704651e+00 3.791232780937368485e+00
3.910759388136707315e+00 3.791232780937373370e+00
3.934986654661853933e+00 3.803295995628320547e+00
3.934986654661854821e+00 3.803295995628324544e+00
3.957392837520198103e+00 3.814329170304736394e+00
3.957392837520204321e+00 3.814329170304738614e+00
3.977948631654149025e+00 3.824346995293828932e+00
3.977948631654151246e+00 3.824346995293832041e+00
3.996627294898558613e+00 3.833363531628406040e+00
3.996627294898559946e+00 3.833363531628408705e+00
4.013404643162389540e+00 3.841392051537644736e+00
4.013404643162392205e+00 3.841392051537649621e+00
4.028259046464000903e+00 3.848444886452121239e+00
4.028259046464003568e+00 3.848444886452121683e+00
4.041171425701930886e+00 3.854533284467283938e+00
4.041171425701930886e+00 3.854533284467284382e+00
4.052125250055051531e+00 3.859667279177625421e+00
4.052125250055055083e+00 3.859667279177625865e+00
4.061106534918649480e+00 3.863855571715886228e+00
4.061106534918653033e+00 3.863855571715892001e+00
4.068103840295054674e+00 3.867105427707849152e+00
4.068103840295054674e+00 3.867105427707849596e+00
4.073108269570380635e+00 3.869422590683194940e+00
4.073108269570383300e+00 3.869422590683195828e+00
4.076113468621214153e+00 3.870811213270250573e+00
4.076113468621216818e+00 3.870811213270252349e+00
