# k eigenvals_a eigenvals_b
0.000000000000000000e+00 -3.000000000000000000e+00 -3.000000000000000000e+00 3.000000000000000000e+00 3.000000000000000000e+00 -1.449489742783178325e+00 -1.449489742783178103e+00 3.449489742783177881e+00 3.449489742783178325e+00
1.570796326794896697e-02 -3.022212891619481479e+00 -2.977787107252526155e+00 2.977787107252526155e+00 3.022212891619481479e+00 -1.424002648669512539e+00 -1.475139633932192940e+00 3.465164192960973555e+00 3.433484619567373386e+00
3.141592653589793394e-02 -3.044416641357492459e+00 -2.955583340567194295e+00 2.955583340567193851e+00 3.044416641357492459e+00 -1.398686738566014665e+00 -1.500943930518561897e+00 3.480508867101883119e+00 3.417148043445620953e+00
4.712388980384690090e-02 -3.066602100156106125e+00 -2.933397808106088522e+00 2.933397808106087634e+00 3.066602100156104349e+00 -1.373550390843180535e+00 -1.526894240241212897e+00 3.495524775906894810e+00 3.400479355025380013e+00
6.283185307179586787e-02 -3.088760115712654297e+00 -2.911239593326356623e+00 2.911239593326356623e+00 3.088760115712654297e+00 -1.348601971226696339e+00 -1.552982173953788125e+00 3.510213040249444472e+00 3.383478018644126006e+00
7.853981633974482790e-02 -3.110881537347016224e+00 -2.889117749084992859e+00 2.889117749084992859e+00 3.110881537347016224e+00 -1.323849828699628084e+00 -1.579199349459055046e+00 3.524574887551119584e+00 3.366143625540075401e+00
9.424777960769380181e-02 -3.132957220683335375e+00 -2.867041291519539126e+00 2.867041291519539126e+00 3.132957220683334931e+00 -1.299302291349746286e+00 -1.605537395239199361e+00 3.538611648058169745e+00 3.348475896943097663e+00
1.099557428756427757e-01 -3.154978032153102241e+00 -2.845019193699366511e+00 2.845019193699366511e+00 3.154978032153101797e+00 -1.274967662164816495e+00 -1.631987954121591367e+00 3.552324751016893600e+00 3.330474687090231090e+00
1.256637061435917357e-01 -3.176934853326502051e+00 -2.823060379042682921e+00 2.823060379042682921e+00 3.176934853326502051e+00 -1.250854214779225204e+00 -1.658542686879681538e+00 3.565715720746405637e+00 3.312139986170410833e+00
1.413716694115406958e-01 -3.198818585078960108e+00 -2.801173714495072797e+00 2.801173714495071909e+00 3.198818585078960108e+00 -1.226970189175735637e+00 -1.685193275769076848e+00 3.578786172607652194e+00 3.293471923203388219e+00
1.570796326794896558e-01 -3.220620151599677072e+00 -2.779368003465997106e+00 2.779368003465996662e+00 3.220620151599677516e+00 -1.203323787346744167e+00 -1.711931427998888422e+00 3.591537808868142889e+00 3.274470768858042558e+00
1.727875959474386436e-01 -3.242330504248913670e+00 -2.757651978520545111e+00 2.757651978520544667e+00 3.242330504248914114e+00 -1.179923168919958743e+00 -1.738748879138696246e+00 3.603972414462207396e+00 3.255136938215543285e+00
1.884955592153876036e-01 -3.263940625270657758e+00 -2.736034293824604280e+00 2.736034293824602948e+00 3.263940625270658202e+00 -1.156776446753994270e+00 -1.765637396461523734e+00 3.616091852647157712e+00 3.235470993483115620e+00
2.042035224833365636e-01 -3.285441531367128576e+00 -2.714523517342632086e+00 2.714523517342632974e+00 3.285441531367128576e+00 -1.133891682510059340e+00 -1.792588782223503152e+00 3.627898060556308035e+00 3.215473646664319674e+00
2.199114857512855514e-01 -3.306824277141477975e+00 -2.693128122788375212e+00 2.693128122788374768e+00 3.306824277141478419e+00 -1.111276882206508443e+00 -1.819594876880815670e+00 3.639393044650199194e+00 3.195145762192115768e+00
2.356194490192345115e-01 -3.328079958414801087e+00 -2.671856481330102451e+00 2.671856481330102895e+00 3.328079958414801975e+00 -1.088939991763790083e+00 -1.846647562244709606e+00 3.650578876068116152e+00 3.174488359531090431e+00
2.513274122871834715e-01 -3.349199715423462287e+00 -2.650716853053338706e+00 2.650716853053339150e+00 3.349199715423462731e+00 -1.066888892547996015e+00 -1.873738764575488824e+00 3.661457685882451241e+00 3.153502615755559013e+00
2.670353755551324593e-01 -3.370174735902484286e+00 -2.629717378185577825e+00 2.629717378185578269e+00 3.370174735902484731e+00 -1.045131396922013511e+00 -1.900860457616291299e+00 3.672031660259083008e+00 3.132189868110418107e+00
2.827433388230813915e-01 -3.390996258060579471e+00 -2.608866068089089385e+00 2.608866068089089829e+00 3.390996258060579471e+00 -1.023675243814031743e+00 -1.928004665567680576e+00 3.682303035527596968e+00 3.110551616561886501e+00
2.984513020910303793e-01 -3.411655573452183621e+00 -2.588170796029707343e+00 2.588170796029706455e+00 3.411655573452184065e+00 -1.002528094313989593e+00 -1.955163466003987605e+00 3.692274093165798465e+00 3.088589526345496772e+00
3.141592653589793116e-01 -3.432144029751641678e+00 -2.567639287731360742e+00 2.567639287731359854e+00 3.432144029751642123e+00 -9.816975273093608845e-01 -1.982328992732429684e+00 3.701947154703537635e+00 3.066305430518866171e+00
3.298672286269282994e-01 -3.452453033434486951e+00 -2.547279111728161016e+00 2.547279111728160128e+00 3.452453033434486507e+00 -9.611910351725612145e-01 -2.009493438596006154e+00 3.711324576551628507e+00 3.043701332527120940e+00
3.455751918948772872e-01 -3.472574052370545061e+00 -2.527097669527921919e+00 2.527097669527922363e+00 3.472574052370544173e+00 -9.410160195130754524e-01 -2.036649058221189801e+00 3.720408744762235376e+00 3.020779408788931697e+00
3.612831551628262194e-01 -3.492498618333348848e+00 -2.507102185603281796e+00 2.507102185603282685e+00 3.492498618333348848e+00 -9.211797870083415773e-01 -2.063788170711404746e+00 3.729202069727757252e+00 2.997542011311460808e+00
3.769911184307752072e-01 -3.512218329430194075e+00 -2.487299697228890771e+00 2.487299697228891215e+00 3.512218329430193187e+00 -9.016895453282820494e-01 -2.090903162287319539e+00 3.737706980825954872e+00 2.973991670342654103e+00
3.926990816987241950e-01 -3.531724852456928687e+00 -2.467697044185568345e+00 2.467697044185567901e+00 3.531724852456929131e+00 -8.825523991692723058e-01 -2.117986488874848749e+00 3.745925921019683358e+00 2.950131097069585540e+00
4.084070449666731273e-01 -3.551009925181327187e+00 -2.448300858354791831e+00 2.448300858354791387e+00 3.551009925181327631e+00 -8.637753464142347015e-01 -2.145030678641852262e+00 3.753861341420245523e+00 2.925963186371766778e+00
4.241150082346221151e-01 -3.570065358558796920e+00 -2.429117553229446003e+00 2.429117553229446003e+00 3.570065358558796476e+00 -8.453652744364145155e-01 -2.172028334484413126e+00 3.761515695824075856e+00 2.901491019638531288e+00
4.398229715025711029e-01 -3.588883038883869947e+00 -2.410153313369314265e+00 2.410153313369315153e+00 3.588883038883870391e+00 -8.273289565652449662e-01 -2.198972136463487992e+00 3.768891435232998965e+00 2.876717867659810857e+00
4.555309347705200351e-01 -3.607454929880803185e+00 -2.391414083832350546e+00 2.391414083832349657e+00 3.607454929880804073e+00 -8.096730487335860316e-01 -2.225854844192832527e+00 3.775991002369024407e+00 2.851647193599855967e+00
4.712388980384690229e-01 -3.625773074736408752e+00 -2.372905559615373416e+00 2.372905559615371640e+00 3.625773074736409640e+00 -7.924040863263640544e-01 -2.252669299178823081e+00 3.782816826195104287e+00 2.826282656063555887e+00
4.869468613064179552e-01 -3.643829598078061505e+00 -2.354633175140301127e+00 2.354633175140301127e+00 3.643829598078061949e+00 -7.755284812514525727e-01 -2.279408427112961100e+00 3.789371316453913785e+00 2.800628112265276304e+00
5.026548245743669430e-01 -3.661616707899668643e+00 -2.336602093824473148e+00 2.336602093824473148e+00 3.661616707899668199e+00 -7.590525192543008393e-01 -2.306065240117618487e+00 3.795656858237200559e+00 2.774687621310171881e+00
5.183627878423159308e-01 -3.679126697438189098e+00 -2.318817197775974392e+00 2.318817197775972616e+00 3.679126697438189986e+00 -7.429823574984825152e-01 -2.332632838945587039e+00 3.801675806598684204e+00 2.748465447598150035e+00
5.340707511102649185e-01 -3.696351947003189586e+00 -2.301283077656986809e+00 2.301283077656985920e+00 3.696351947003189586e+00 -7.273240224348771488e-01 -2.359104415133982169e+00 3.807430481223985641e+00 2.721966064360648918e+00
5.497787143782137953e-01 -3.713284925761735078e+00 -2.284004022760297126e+00 2.284004022760296682e+00 3.713284925761735522e+00 -7.120834079826704466e-01 -2.385473253112800229e+00 3.812923161171339892e+00 2.695194157340500496e+00
5.654866776461627831e-01 -3.729918193480745714e+00 -2.266984011345728689e+00 2.266984011345728245e+00 3.729918193480746602e+00 -6.972662740457417074e-01 -2.411732732268564217e+00 3.818156079697275551e+00 2.668154628625090563e+00
5.811946409141117709e-01 -3.746244402228890102e+00 -2.250226701284949726e+00 2.250226701284950614e+00 3.746244402228889658e+00 -6.828782453882041859e-01 -2.437876328963265227e+00 3.823131419181582835e+00 2.640852600642968895e+00
5.969026041820607587e-01 -3.762256298039881042e+00 -2.233735421064237059e+00 2.233735421064237503e+00 3.762256298039881486e+00 -6.689248108930102577e-01 -2.463897618508799070e+00 3.827851306166166090e+00 2.613293420333888673e+00
6.126105674500097464e-01 -3.777946722538952251e+00 -2.217513161195713955e+00 2.217513161195714400e+00 3.777946722538952251e+00 -6.554113232274189071e-01 -2.489790277096977089e+00 3.832317806522443693e+00 2.585482663502047362e+00
6.283185307179586232e-01 -3.793308614534165013e+00 -2.201562566088160366e+00 2.201562566088159034e+00 3.793308614534165013e+00 -6.423429989389415340e-01 -2.515548083685151592e+00 3.836532920762014687e+00 2.557426139361870465e+00
6.440264939859076110e-01 -3.808335011574096818e+00 -2.185885926428626114e+00 2.185885926428626114e+00 3.808335011574096818e+00 -6.297249190048561651e-01 -2.541164921837334223e+00 3.840498579505283949e+00 2.529129895285270102e+00
6.597344572538565988e-01 -3.823019051473346863e+00 -2.170485172125792950e+00 2.170485172125792506e+00 3.823019051473346863e+00 -6.175620298577674250e-01 -2.566634781520684694e+00 3.844216639122576051e+00 2.500600221758637165e+00
6.754424205218055866e-01 -3.837353973807195118e+00 -2.155361865865356830e+00 2.155361865865356830e+00 3.837353973807195562e+00 -6.058591449087215031e-01 -2.591951760857106102e+00 3.847688877562143173e+00 2.471843657557004192e+00
6.911503837897545743e-01 -3.851333121376657953e+00 -2.140517197326508025e+00 2.140517197326508025e+00 3.851333121376658397e+00 -5.946209465881551193e-01 -2.617110067829597764e+00 3.850916990379086968e+00 2.442866995141821818e+00
7.068583470577035621e-01 -3.864949941645117626e+00 -2.125951978106919160e+00 2.125951978106918716e+00 3.864949941645118070e+00 -5.838519889234157212e-01 -2.642104021942914827e+00 3.853902586978945610e+00 2.413677286287511325e+00
7.225663103256524389e-01 -3.878197988147579878e+00 -2.111666637401491631e+00 2.111666637401492075e+00 3.878197988147579878e+00 -5.735567006696951076e-01 -2.666928055838048817e+00 3.856647187089111473e+00 2.384281847940470822e+00
7.382742735936014267e-01 -3.891070921873585053e+00 -2.097661218477540057e+00 2.097661218477539613e+00 3.891070921873585498e+00 -5.637393890088725490e-01 -2.691576716859848784e+00 3.859152217470866120e+00 2.354688268312295829e+00
7.539822368615504145e-01 -3.903562512624684455e+00 -2.083935375985853877e+00 2.083935375985853877e+00 3.903562512624684455e+00 -5.544042438280714080e-01 -2.716044668577117349e+00 3.861419008883987036e+00 2.324904413206847043e+00
7.696902001294994022e-01 -3.915666640347368332e+00 -2.070488374143587773e+00 2.070488374143587329e+00 3.915666640347368777e+00 -5.455553425864324568e-01 -2.740326692254294372e+00 3.863448793315356067e+00 2.294938432578127241e+00
7.853981633974483900e-01 -3.927377296442221777e+00 -2.057319085820807469e+00 2.057319085820807469e+00 3.927377296442220889e+00 -5.371966557748720783e-01 -2.764417688273920870e+00 3.865242701482084708e+00 2.264798767312899752e+00
8.011061266653972668e-01 -3.938688585050090119e+00 -2.044425992558093430e+00 2.044425992558092986e+00 3.938688585050090119e+00 -5.293320529691848408e-01 -2.788312677508732129e+00 3.866801760618836070e+00 2.234494156228337580e+00
8.168140899333462546e-01 -3.949594724315913741e+00 -2.031807185537706673e+00 2.031807185537706228e+00 3.949594724315914185e+00 -5.219653094718178510e-01 -2.812006802642373238e+00 3.868126892558118257e+00 2.204033643270827181e+00
8.325220532012952424e-01 -3.960090047630914434e+00 -2.019460367525648614e+00 2.019460367525648170e+00 3.960090047630914434e+00 -5.151001135319027702e-01 -2.835495329437497602e+00 3.869218912111279440e+00 2.173426584897214742e+00
8.482300164692442301e-01 -3.970169004853707051e+00 -2.007382855796410848e+00 2.007382855796410404e+00 3.970169004853707939e+00 -5.087400741265440951e-01 -2.858773647949893082e+00 3.870078525756860621e+00 2.142682657614184638e+00
8.639379797371932179e-01 -3.979826163510926218e+00 -1.995571586046539281e+00 1.995571586046538393e+00 3.979826163510926662e+00 -5.028887292790186203e-01 -2.881837273687263501e+00 3.870706330641930482e+00 2.111811865645085717e+00
8.796459430051422057e-01 -3.989056209977875689e+00 -1.984023117297115668e+00 1.984023117297116334e+00 3.989056209977875245e+00 -4.975495548811186830e-01 -2.904681848711138770e+00 3.871102813900731743e+00 2.080824548686283748e+00
8.953539062730910825e-01 -3.997853950639712828e+00 -1.972733637779377158e+00 1.972733637779377824e+00 3.997853950639712828e+00 -4.927259739776470582e-01 -2.927303142680282022e+00 3.871268352293899540e+00 2.049731389706851203e+00
9.110618695410400703e-01 -4.006214313033630070e+00 -1.961698971791472568e+00 1.961698971791472568e+00 4.006214313033630070e+00 -4.884213664605895899e-01 -2.949697053833890248e+00 3.871203212170212460e+00 2.018543422736172932e+00
9.267698328089890580e-01 -4.014132346972465015e+00 -1.950914587508460807e+00 1.950914587508461917e+00 4.014132346972463239e+00 -4.846390791089965622e-01 -2.971859609912726796e+00 3.870907549751600563e+00 1.987272040573660803e+00
9.424777960769380458e-01 -4.021603225650191682e+00 -1.940375605721618379e+00 1.940375605721618824e+00 4.021603225650191682e+00 -4.813824358978981977e-01 -2.993786969016350774e+00 3.870381411740896560e+00 1.955929002343247403e+00
9.581857593448870336e-01 -4.028622246729646861e+00 -1.930076809477373256e+00 1.930076809477374589e+00 4.028622246729645084e+00 -4.786547484856303325e-01 -3.015475420394295725e+00 3.869624736250539598e+00 1.924526440802502458e+00
9.738937226128359104e-01 -4.035184833412925443e+00 -1.920012654580709244e+00 1.920012654580708356e+00 4.035184833412926331e+00 -4.764593267737933235e-01 -3.036921385169193854e+00 3.868637354049215382e+00 1.893076869302292353e+00
9.896016858807848982e-01 -4.041286535494785781e+00 -1.910177280922563003e+00 1.910177280922563448e+00 4.041286535494786669e+00 -4.747994894176079117e-01 -3.058121416989540098e+00 3.867418990122138744e+00 1.861593188277535837e+00
1.005309649148733886e+00 -4.046923030399452337e+00 -1.900564524585991011e+00 1.900564524585989901e+00 4.046923030399453225e+00 -4.736785741468709787e-01 -3.079072202609831166e+00 3.865969265539498601e+00 1.830088691133191947e+00
1.021017612416682763e+00 -4.052090124201142451e+00 -1.891167930681288745e+00 1.891167930681289411e+00 4.052090124201141563e+00 -4.730999477389228880e-01 -3.099770562395650408e+00 3.864287699626455463e+00 1.798577069371912751e+00
1.036725575684631862e+00 -4.056783752628706274e+00 -1.881980766856449883e+00 1.881980766856450105e+00 4.056783752628706274e+00 -4.730670154653764392e-01 -3.120213450751164519e+00 3.862373712426855121e+00 1.767072416791169109e+00
1.052433538952580738e+00 -4.060999982054698698e+00 -1.872996037425726845e+00 1.872996037425725513e+00 4.060999982054699586e+00 -4.735832298138513696e-01 -3.140397956466519425e+00 3.860226627451828652e+00 1.735589232558171435e+00
1.068141502220529837e+00 -4.064735010469264331e+00 -1.864206498056250050e+00 1.864206498056249828e+00 4.064735010469265220e+00 -4.746520982650105913e-01 -3.160321302982373126e+00 3.857845674703376915e+00 1.704142422950866598e+00
1.083849465488478714e+00 -4.067985168439147259e+00 -1.855604670950206980e+00 1.855604670950206758e+00 4.067985168439147259e+00 -4.762771898840922891e-01 -3.179980848568852991e+00 3.855229993962102419e+00 1.672747301533136666e+00
1.099557428756427591e+00 -4.070746920052255469e+00 -1.847182860458416620e+00 1.847182860458416842e+00 4.070746920052254580e+00 -4.784621404654978427e-01 -3.199374086416094887e+00 3.852378638327342841e+00 1.641419587512439771e+00
1.115265392024376689e+00 -4.073016863848068603e+00 -1.838933169059840722e+00 1.838933169059841388e+00 4.073016863848067715e+00 -4.812106559492914104e-01 -3.218498644633456252e+00 3.849290577997179774e+00 1.610175402009228041e+00
1.130973355292325566e+00 -4.074791733734337562e+00 -1.830847513641063573e+00 1.830847513641064683e+00 4.074791733734336674e+00 -4.845265138105321889e-01 -3.237352286154411729e+00 3.845964704275041335e+00 1.579031261950193388e+00
1.146681318560274665e+00 -4.076068399890427685e+00 -1.822917642009691308e+00 1.822917642009692418e+00 4.076068399890426797e+00 -4.884135621071032385e-01 -3.255932908544129312e+00 3.842399833788945784e+00 1.548004071282721661e+00
1.162389281828223542e+00 -4.076843869657742481e+00 -1.815135149576221796e+00 1.815135149576219131e+00 4.076843869657744257e+00 -4.928757158600800548e-01 -3.274238543706633031e+00 3.838594712908972806e+00 1.517111109196865204e+00
1.178097245096172418e+00 -4.077115288417632932e+00 -1.807491496139916443e+00 1.807491496139916887e+00 4.077115288417632932e+00 -4.979169504339621133e-01 -3.292267357488404489e+00 3.834548022347910479e+00 1.486370015034814251e+00
1.193805208364121517e+00 -4.076879940457254214e+00 -1.799978022715922776e+00 1.799978022715922554e+00 4.076879940457255103e+00 -5.035412915835631997e-01 -3.310017649175264864e+00 3.830258381929835032e+00 1.455798769567705264e+00
1.209513171632070394e+00 -4.076135249823842344e+00 -1.792585968342779612e+00 1.792585968342779834e+00 4.076135249823842344e+00 -5.097528018414230200e-01 -3.327487850879418563e+00 3.825724355510911501e+00 1.425415672326959537e+00
1.225221134900019493e+00 -4.074878781167889485e+00 -1.785306486812046289e+00 1.785306486812046511e+00 4.074878781167889485e+00 -5.165555629358111744e-01 -3.344676526813338491e+00 3.820944456036627912e+00 1.395239314693685229e+00
1.240929098167968370e+00 -4.073108240575781025e+00 -1.778130663264548161e+00 1.778130663264548161e+00 4.073108240575781025e+00 -5.239536539562180684e-01 -3.361582372447396772e+00 3.815917150719496220e+00 1.365288548476717878e+00
1.256637061435917246e+00 -4.070821476392383786e+00 -1.771049530600964150e+00 1.771049530600965705e+00 4.070821476392382010e+00 -5.319511250220952947e-01 -3.378204213548031021e+00 3.810640866321216791e+00 1.335582449748700329e+00
1.272345024703866345e+00 -4.068016480034254201e+00 -1.764054085657917881e+00 1.764054085657918547e+00 4.068016480034254201e+00 -5.405519662629068023e-01 -3.394541005093234975e+00 3.805113994523402710e+00 1.306140277761952628e+00
1.288052987971815222e+00 -4.064691386794011763e+00 -1.757135305104439382e+00 1.757135305104440270e+00 4.064691386794009986e+00 -5.497600719841544414e-01 -3.410591830062323027e+00 3.799334897371035691e+00 1.276981428832360432e+00
1.303760951239764321e+00 -4.060844476636590095e+00 -1.750284161017535478e+00 1.750284161017534590e+00 4.060844476636590983e+00 -5.595791999757363522e-01 -3.426355898096884900e+00 3.793301912773064721e+00 1.248125385161047429e+00
1.319468914507713198e+00 -4.056474174988045078e+00 -1.743491636099626652e+00 1.743491636099625763e+00 4.056474174988045078e+00 -5.700129260156467925e-01 -3.441832544029932883e+00 3.787013360044833910e+00 1.219591658660163613e+00
1.335176877775662296e+00 -4.051579053517661677e+00 -1.736748738504694023e+00 1.736748738504693579e+00 4.051579053517661677e+00 -5.810645937333782651e-01 -3.457021226280379000e+00 3.780467545477347535e+00 1.191399729960030518e+00
1.350884841043611173e+00 -4.046157830914162368e+00 -1.730046516244119426e+00 1.730046516244119648e+00 4.046157830914162368e+00 -5.927372601214935255e-01 -3.471921525110077233e+00 3.773662767918787964e+00 1.163568982898951498e+00
1.366592804311560050e+00 -4.040209373656848513e+00 -1.723376071147376232e+00 1.723376071147375788e+00 4.040209373656847625e+00 -6.050336371189681817e-01 -3.486533140740760928e+00 3.766597324354187926e+00 1.136118634931591709e+00
1.382300767579509149e+00 -4.033732696782552196e+00 -1.716728572356782223e+00 1.716728572356781113e+00 4.033732696782553084e+00 -6.179560298321178369e-01 -3.500855891328478187e+00 3.759269515469634726e+00 1.109067664033860368e+00
1.398008730847458025e+00 -4.026726964649391505e+00 -1.710095269339600987e+00 1.710095269339601876e+00 4.026726964649391505e+00 -6.315062721042791205e-01 -3.514889710793136501e+00 3.751677651187925733e+00 1.082434732827128654e+00
1.413716694115407124e+00 -4.019191491698260066e+00 -1.703467504404698296e+00 1.703467504404698296e+00 4.019191491698260954e+00 -6.456856602883107588e-01 -3.528634646501198624e+00 3.743820056163238874e+00 1.056238110787192319e+00
1.429424657383356001e+00 -4.011125743213203698e+00 -1.696836724714773759e+00 1.696836724714773093e+00 4.011125743213203698e+00 -6.604948862104461638e-01 -3.542090856799562815e+00 3.735695075222916550e+00 1.030495595537421982e+00
1.445132620651304878e+00 -4.002529336081731337e+00 -1.690194493788835572e+00 1.690194493788834462e+00 4.002529336081732225e+00 -6.759339704331667198e-01 -3.555258608399168185e+00 3.727301078745202112e+00 1.005224434344349493e+00
1.460840583919253977e+00 -3.993402039556336103e+00 -1.683532502493089389e+00 1.683532502493088279e+00 3.993402039556336547e+00 -6.920021970218359630e-01 -3.568138273606916488e+00 3.718636467962352921e+00 9.804412470305822191e-01
1.476548547187202853e+00 -3.983743776018446869e+00 -1.676842579521748755e+00 1.676842579521747867e+00 3.983743776018447313e+00 -7.086980510878011508e-01 -3.580730327405039048e+00 3.709699680179292525e+00 9.561619515876043085e-01
1.492256510455151952e+00 -3.973554621746187898e+00 -1.670116701372336587e+00 1.670116701372335255e+00 3.973554621746188342e+00 -7.260191604137019583e-01 -3.593035344377186746e+00 3.700489193898642171e+00 9.324016938036264746e-01
1.507964473723100829e+00 -3.962834807687370287e+00 -1.663347001823081817e+00 1.663347001823081373e+00 3.962834807687370287e+00 -7.439622424595252470e-01 -3.605053995481082296e+00 3.691003533843633555e+00 9.091747822142264290e-01
1.523672436991049706e+00 -3.951584720239223802e+00 -1.656525780922637026e+00 1.656525780922637248e+00 3.951584720239223358e+00 -7.625230579975341705e-01 -3.616787044667791662e+00 3.681241275871179219e+00 8.864946296327163022e-01
1.539380400258998804e+00 -3.939804902036511791e+00 -1.649645513505002992e+00 1.649645513505002103e+00 3.939804902036512679e+00 -7.816963725289132192e-01 -3.628235345348280738e+00 3.671201051767983614e+00 8.643737024217231779e-01
1.555088363526947681e+00 -3.927496052749661182e+00 -1.642698857244786925e+00 1.642698857244786259e+00 3.927496052749660738e+00 -8.014759264962154628e-01 -3.639399836708260949e+00 3.660881553923339471e+00 8.428234785284206554e-01
1.570796326794896780e+00 -3.914659029894782982e+00 -1.635678660270176277e+00 1.635678660270176943e+00 3.914659029894782094e+00 -8.218544151266947706e-01 -3.650281539872885617e+00 3.650281539872883840e+00 8.218544151266945486e-01
1.586504290062845657e+00 -3.901294849657436448e+00 -1.628577968352979743e+00 1.628577968352981964e+00 3.901294849657435115e+00 -8.428234785284213215e-01 -3.660881553923338139e+00 3.639399836708261393e+00 8.014759264962149077e-01
1.602212253330794534e+00 -3.887404687732172182e+00 -1.621390031696871237e+00 1.621390031696871237e+00 3.887404687732173514e+00 -8.643737024217231779e-01 -3.671201051767984502e+00 3.628235345348281626e+00 7.816963725289128861e-01
1.617920216598743632e+00 -3.872989880179984912e+00 -1.614108311346737157e+00 1.614108311346736491e+00 3.872989880179984912e+00 -8.864946296327166353e-01 -3.681241275871179663e+00 3.616787044667791662e+00 7.625230579975347256e-01
1.633628179866692509e+00 -3.858051924305900382e+00 -1.606726485243504587e+00 1.606726485243504143e+00 3.858051924305900826e+00 -9.091747822142259849e-01 -3.691003533843634443e+00 3.605053995481081408e+00 7.439622424595254691e-01
1.649336143134641608e+00 -3.842592479559127305e+00 -1.599238453950321937e+00 1.599238453950323935e+00 3.842592479559126417e+00 -9.324016938036269186e-01 -3.700489193898642171e+00 3.593035344377187634e+00 7.260191604137016252e-01
1.665044106402590485e+00 -3.826613368458230635e+00 -1.591638346077208555e+00 1.591638346077207666e+00 3.826613368458231079e+00 -9.561619515876046416e-01 -3.709699680179293413e+00 3.580730327405036828e+00 7.086980510878012618e-01
1.680752069670539361e+00 -3.810116577544001348e+00 -1.583920523432605698e+00 1.583920523432604366e+00 3.810116577544000904e+00 -9.804412470305819971e-01 -3.718636467962350256e+00 3.568138273606917377e+00 6.920021970218358520e-01
1.696460032938488460e+00 -3.793104258362833825e+00 -1.576079585931441596e+00 1.576079585931439153e+00 3.793104258362835601e+00 -1.005224434344350382e+00 -3.727301078745203888e+00 3.555258608399168185e+00 6.759339704331672749e-01
1.712167996206437337e+00 -3.775578728483546254e+00 -1.568110376290419605e+00 1.568110376290419605e+00 3.775578728483544921e+00 -1.030495595537422870e+00 -3.735695075222918327e+00 3.542090856799563703e+00 6.604948862104453866e-01
1.727875959474386436e+00 -3.757542472550753576e+00 -1.560007984542364001e+00 1.560007984542363557e+00 3.757542472550753132e+00 -1.056238110787193429e+00 -3.743820056163239318e+00 3.528634646501196848e+00 6.456856602883105367e-01
1.743583922742335313e+00 -3.738998143378104988e+00 -1.551767752402630318e+00 1.551767752402631428e+00 3.738998143378104100e+00 -1.082434732827129542e+00 -3.751677651187924845e+00 3.514889710793138278e+00 6.315062721042793425e-01
1.759291886010284411e+00 -3.719948563084807258e+00 -1.543385277521621024e+00 1.543385277521620136e+00 3.719948563084806814e+00 -1.109067664033860812e+00 -3.759269515469632950e+00 3.500855891328476854e+00 6.179560298321173928e-01
1.774999849278233288e+00 -3.700396724279121585e+00 -1.534856417658722494e+00 1.534856417658723382e+00 3.700396724279121141e+00 -1.136118634931592153e+00 -3.766597324354187482e+00 3.486533140740762260e+00 6.050336371189675155e-01
1.790707812546182165e+00 -3.680345791292638946e+00 -1.526177294814173635e+00 1.526177294814172747e+00 3.680345791292638058e+00 -1.163568982898951720e+00 -3.773662767918787964e+00 3.471921525110076789e+00 5.927372601214935255e-01
1.806415775814131264e+00 -3.659799101469385807e+00 -1.517344299356642168e+00 1.517344299356641280e+00 3.659799101469387139e+00 -1.191399729960030296e+00 -3.780467545477347535e+00 3.457021226280379445e+00 5.810645937333788202e-01
1.822123739082080141e+00 -3.638760166514038108e+00 -1.508354094185895056e+00 1.508354094185895500e+00 3.638760166514037664e+00 -1.219591658660163391e+00 -3.787013360044836574e+00 3.441832544029932883e+00 5.700129260156477917e-01
1.837831702350029239e+00 -3.617232673903658657e+00 -1.499203618971278518e+00 1.499203618971279184e+00 3.617232673903658657e+00 -1.248125385161048539e+00 -3.793301912773063833e+00 3.426355898096886676e+00 5.595791999757352420e-01
1.853539665617978116e+00 -3.595220488367729672e+00 -1.489890094508696805e+00 1.489890094508697693e+00 3.595220488367729672e+00 -1.276981428832360432e+00 -3.799334897371034359e+00 3.410591830062323027e+00 5.497600719841544414e-01
1.869247628885926993e+00 -3.572727653441353457e+00 -1.480411027240495558e+00 1.480411027240496891e+00 3.572727653441352125e+00 -1.306140277761953294e+00 -3.805113994523403598e+00 3.394541005093234531e+00 5.405519662629052480e-01
1.884955592153876092e+00 -3.549758393096857478e+00 -1.470764213984900648e+00 1.470764213984900204e+00 3.549758393096857478e+00 -1.335582449748700107e+00 -3.810640866321215903e+00 3.378204213548032797e+00 5.319511250220950727e-01
1.900663555421824968e+00 -3.526317113459218167e+00 -1.460947746923967117e+00 1.460947746923966895e+00 3.526317113459217722e+00 -1.365288548476717878e+00 -3.815917150719497108e+00 3.361582372447397660e+00 5.239536539562187345e-01
1.916371518689774067e+00 -3.502408404611009995e+00 -1.450960018901617410e+00 1.450960018901616744e+00 3.502408404611009107e+00 -1.395239314693685895e+00 -3.820944456036627024e+00 3.344676526813336270e+00 5.165555629358106193e-01
1.932079481957722944e+00 -3.478037042492892805e+00 -1.440799729086271075e+00 1.440799729086271297e+00 3.478037042492893249e+00 -1.425415672326958871e+00 -3.825724355510910613e+00 3.327487850879418563e+00 5.097528018414219098e-01
1.947787445225671821e+00 -3.453207990905851066e+00 -1.430465889055802409e+00 1.430465889055801743e+00 3.453207990905850178e+00 -1.455798769567705486e+00 -3.830258381929834144e+00 3.310017649175266641e+00 5.035412915835626446e-01
1.963495408493620920e+00 -3.427926403621791795e+00 -1.419957829366085944e+00 1.419957829366085500e+00 3.427926403621789575e+00 -1.486370015034814029e+00 -3.834548022347910923e+00 3.292267357488404489e+00 4.979169504339623353e-01
1.979203371761569796e+00 -3.402197626609320569e+00 -1.409275206668456404e+00 1.409275206668456182e+00 3.402197626609321457e+00 -1.517111109196866092e+00 -3.838594712908973250e+00 3.274238543706636140e+00 4.928757158600795552e-01
1.994911335029518895e+00 -3.376027200381867654e+00 -1.398418011445613729e+00 1.398418011445614173e+00 3.376027200381867654e+00 -1.548004071282722771e+00 -3.842399833788946673e+00 3.255932908544131088e+00 4.884135621071028499e-01
2.010619298297467772e+00 -3.349420862475633864e+00 -1.387386576440452712e+00 1.387386576440453601e+00 3.349420862475634308e+00 -1.579031261950193166e+00 -3.845964704275040891e+00 3.237352286154411729e+00 4.845265138105319669e-01
2.026327261565416649e+00 -3.322384550065140107e+00 -1.376181585857420009e+00 1.376181585857419565e+00 3.322384550065140107e+00 -1.610175402009228263e+00 -3.849290577997181551e+00 3.218498644633457140e+00 4.812106559492914104e-01
2.042035224833365525e+00 -3.294924402724498158e+00 -1.364804085421835067e+00 1.364804085421836177e+00 3.294924402724497270e+00 -1.641419587512439104e+00 -3.852378638327342841e+00 3.199374086416097995e+00 4.784621404654979537e-01
2.057743188101314846e+00 -3.267046765342815906e+00 -1.353255493388802133e+00 1.353255493388802133e+00 3.267046765342815462e+00 -1.672747301533137776e+00 -3.855229993962102419e+00 3.179980848568853435e+00 4.762771898840916784e-01
2.073451151369263723e+00 -3.238758191202520287e+00 -1.341537612600127272e+00 1.341537612600126605e+00 3.238758191202519843e+00 -1.704142422950867486e+00 -3.857845674703379579e+00 3.160321302982372682e+00 4.746520982650109244e-01
2.089159114637212600e+00 -3.210065445229624892e+00 -1.329652643694945180e+00 1.329652643694945180e+00 3.210065445229624448e+00 -1.735589232558171879e+00 -3.860226627451829096e+00 3.140397956466518981e+00 4.735832298138510366e-01
2.104867077905161477e+00 -3.180975507425400473e+00 -1.317603199587645602e+00 1.317603199587646046e+00 3.180975507425401361e+00 -1.767072416791168887e+00 -3.862373712426854233e+00 3.120213450751164519e+00 4.730670154653752180e-01
2.120575041173110353e+00 -3.151495576489101946e+00 -1.305392321334939432e+00 1.305392321334939210e+00 3.151495576489102390e+00 -1.798577069371912529e+00 -3.864287699626457240e+00 3.099770562395649964e+00 4.730999477389229435e-01
2.136283004441059674e+00 -3.121633073641774114e+00 -1.293023495522847899e+00 1.293023495522848787e+00 3.121633073641773226e+00 -1.830088691133192613e+00 -3.865969265539498601e+00 3.079072202609833830e+00 4.736785741468710342e-01
2.151990967709008551e+00 -3.091395646661454943e+00 -1.280500673313633264e+00 1.280500673313632376e+00 3.091395646661455388e+00 -1.861593188277536726e+00 -3.867418990122137856e+00 3.058121416989540098e+00 4.747994894176078007e-01
2.167698930976957428e+00 -3.060791174140310211e+00 -1.267828291302275812e+00 1.267828291302274923e+00 3.060791174140311544e+00 -1.893076869302293019e+00 -3.868637354049216270e+00 3.036921385169194298e+00 4.764593267737923798e-01
2.183406894244906304e+00 -3.029827769974537066e+00 -1.255011294342028849e+00 1.255011294342029071e+00 3.029827769974538398e+00 -1.924526440802502680e+00 -3.869624736250537822e+00 3.015475420394297057e+00 4.786547484856298884e-01
2.199114857512855181e+00 -2.998513788098087662e+00 -1.242055160508448219e+00 1.242055160508448219e+00 2.998513788098086774e+00 -1.955929002343247403e+00 -3.870381411740893896e+00 2.993786969016352106e+00 4.813824358978973095e-01
2.214822820780804502e+00 -2.966857827471411024e+00 -1.228965928381036576e+00 1.228965928381035688e+00 2.966857827471411024e+00 -1.987272040573662357e+00 -3.870907549751599674e+00 2.971859609912729461e+00 4.846390791089977279e-01
2.230530784048753379e+00 -2.934868737336659095e+00 -1.215750226830960123e+00 1.215750226830959457e+00 2.934868737336659539e+00 -2.018543422736172488e+00 -3.871203212170213348e+00 2.949697053833889804e+00 4.884213664605895344e-01
2.246238747316702256e+00 -2.902555622750790043e+00 -1.202415307511636167e+00 1.202415307511635945e+00 2.902555622750790043e+00 -2.049731389706852536e+00 -3.871268352293901316e+00 2.927303142680285131e+00 4.927259739776481684e-01
2.261946710584651132e+00 -2.869927850408176440e+00 -1.188969080256035316e+00 1.188969080256035982e+00 2.869927850408175551e+00 -2.080824548686285080e+00 -3.871102813900730411e+00 2.904681848711139214e+00 4.975495548811177393e-01
2.277654673852600009e+00 -2.836995054764263280e+00 -1.175420151589452011e+00 1.175420151589450901e+00 2.836995054764263280e+00 -2.111811865645084829e+00 -3.870706330641930926e+00 2.881837273687262169e+00 5.028887292790187313e-01
2.293362637120549330e+00 -2.803767144471758233e+00 -1.161777866568597606e+00 1.161777866568597606e+00 2.803767144471758233e+00 -2.142682657614184194e+00 -3.870078525756861954e+00 2.858773647949893082e+00 5.087400741265450943e-01
2.309070600388498207e+00 -2.770254309140731674e+00 -1.148052354155973731e+00 1.148052354155972621e+00 2.770254309140731674e+00 -2.173426584897214742e+00 -3.869218912111279884e+00 2.835495329437498047e+00 5.151001135319019930e-01
2.324778563656447083e+00 -2.736467026433752281e+00 -1.134254576331329201e+00 1.134254576331329423e+00 2.736467026433751837e+00 -2.204033643270826737e+00 -3.868126892558119145e+00 2.812006802642372794e+00 5.219653094718182951e-01
2.340486526924395960e+00 -2.702416069506882401e+00 -1.120396381128111463e+00 1.120396381128111907e+00 2.702416069506881513e+00 -2.234494156228337580e+00 -3.866801760618836958e+00 2.788312677508731241e+00 5.293320529691853960e-01
2.356194490192344837e+00 -2.668112514806977309e+00 -1.106490559760004766e+00 1.106490559760004766e+00 2.668112514806977753e+00 -2.264798767312899752e+00 -3.865242701482084708e+00 2.764417688273921758e+00 5.371966557748725224e-01
2.371902453460294158e+00 -2.633567750235163096e+00 -1.092550907968719676e+00 1.092550907968719898e+00 2.633567750235163096e+00 -2.294938432578128129e+00 -3.863448793315357843e+00 2.740326692254295260e+00 5.455553425864339001e-01
2.387610416728243035e+00 -2.598793483685819528e+00 -1.078592291676319093e+00 1.078592291676318426e+00 2.598793483685819972e+00 -2.324904413206847487e+00 -3.861419008883984816e+00 2.716044668577114685e+00 5.544042438280711860e-01
2.403318379996191911e+00 -2.563801751969577492e+00 -1.064630716960011991e+00 1.064630716960012879e+00 2.563801751969577047e+00 -2.354688268312296717e+00 -3.859152217470865232e+00 2.691576716859850560e+00 5.637393890088733261e-01
2.419026343264140788e+00 -2.528604930128043993e+00 -1.050683404280878808e+00 1.050683404280879030e+00 2.528604930128045325e+00 -2.384281847940471710e+00 -3.856647187089112361e+00 2.666928055838049261e+00 5.735567006696959957e-01
2.434734306532089665e+00 -2.493215741146946218e+00 -1.036768866785609422e+00 1.036768866785609644e+00 2.493215741146945774e+00 -2.413677286287510881e+00 -3.853902586978944722e+00 2.642104021942915271e+00 5.838519889234160543e-01
2.450442269800038986e+00 -2.457647266073286207e+00 -1.022906992357216938e+00 1.022906992357216716e+00 2.457647266073286652e+00 -2.442866995141822262e+00 -3.850916990379087412e+00 2.617110067829597764e+00 5.946209465881548972e-01
2.466150233067987863e+00 -2.421912954540897722e+00 -1.009119128911037722e+00 1.009119128911037278e+00 2.421912954540898610e+00 -2.471843657557005525e+00 -3.847688877562142284e+00 2.591951760857107878e+00 6.058591449087210590e-01
2.481858196335936739e+00 -2.386026635707404697e+00 -9.954281722102612529e-01 9.954281722102598096e-01 2.386026635707405141e+00 -2.500600221758638497e+00 -3.844216639122575607e+00 2.566634781520684694e+00 6.175620298577680911e-01
2.497566159603885616e+00 -2.350002529604229284e+00 -9.818586552045472926e-01 9.818586552045479587e-01 2.350002529604228840e+00 -2.529129895285270546e+00 -3.840498579505283061e+00 2.541164921837334667e+00 6.297249190048563872e-01
2.513274122871834493e+00 -2.313855258899687684e+00 -9.684368375701613019e-01 9.684368375701607468e-01 2.313855258899688128e+00 -2.557426139361870909e+00 -3.836532920762014687e+00 2.515548083685153813e+00 6.423429989389427552e-01
2.528982086139783814e+00 -2.277599861073698495e+00 -9.551907937452661645e-01 9.551907937452674968e-01 2.277599861073697607e+00 -2.585482663502048695e+00 -3.832317806522443249e+00 2.489790277096977977e+00 6.554113232274191292e-01
2.544690049407732690e+00 -2.241251801000980759e+00 -9.421504973063765664e-01 9.421504973063767885e-01 2.241251801000980759e+00 -2.613293420333889561e+00 -3.827851306166167422e+00 2.463897618508798626e+00 6.689248108930087033e-01
2.560398012675681567e+00 -2.204826983937968166e+00 -9.293478990204462331e-01 9.293478990204465662e-01 2.204826983937969054e+00 -2.640852600642968007e+00 -3.823131419181583279e+00 2.437876328963266115e+00 6.828782453882044079e-01
2.576105975943630444e+00 -2.168341768907136036e+00 -9.168169953356349877e-01 9.168169953356346547e-01 2.168341768907136036e+00 -2.668154628625091895e+00 -3.818156079697275551e+00 2.411732732268565105e+00 6.972662740457410413e-01
2.591813939211579765e+00 -2.131812982470826068e+00 -9.045938834515271365e-01 9.045938834515266924e-01 2.131812982470825624e+00 -2.695194157340501828e+00 -3.812923161171340336e+00 2.385473253112801117e+00 7.120834079826715568e-01
2.607521902479528642e+00 -2.095257932885279839e+00 -8.927167984545231194e-01 8.927167984545228974e-01 2.095257932885279395e+00 -2.721966064360648474e+00 -3.807430481223984753e+00 2.359104415133981725e+00 7.273240224348781480e-01
2.623229865747477518e+00 -2.058694424624252228e+00 -8.812261273441709397e-01 8.812261273441707177e-01 2.058694424624252228e+00 -2.748465447598148259e+00 -3.801675806598682872e+00 2.332632838945586595e+00 7.429823574984811829e-01
2.638937829015426395e+00 -2.022140773260469260e+00 -8.701643941524244141e-01 8.701643941524249692e-01 2.022140773260468372e+00 -2.774687621310171881e+00 -3.795656858237199227e+00 2.306065240117615822e+00 7.590525192542995070e-01
2.654645792283375272e+00 -1.985615820692185673e+00 -8.595762098259989159e-01 8.595762098259989159e-01 1.985615820692185229e+00 -2.800628112265277192e+00 -3.789371316453913341e+00 2.279408427112963320e+00 7.755284812514526838e-01
2.670353755551324593e+00 -1.949138950701265305e+00 -8.495081801738774141e-01 8.495081801738771921e-01 1.949138950701265305e+00 -2.826282656063557663e+00 -3.782816826195102955e+00 2.252669299178823081e+00 7.924040863263631662e-01
2.686061718819273469e+00 -1.912730104828459066e+00 -8.400087650650299720e-01 8.400087650650311932e-01 1.912730104828458622e+00 -2.851647193599855967e+00 -3.775991002369023963e+00 2.225854844192831195e+00 8.096730487335858095e-01
2.701769682087222346e+00 -1.876409798550720209e+00 -8.311280822953398539e-01 8.311280822953391878e-01 1.876409798550719543e+00 -2.876717867659811745e+00 -3.768891435232999410e+00 2.198972136463487548e+00 8.273289565652467425e-01
2.717477645355171223e+00 -1.840199137744385594e+00 -8.229176502339992094e-01 8.229176502339995425e-01 1.840199137744386260e+00 -2.901491019638531732e+00 -3.761515695824074079e+00 2.172028334484411349e+00 8.453652744364136273e-01
2.733185608623120100e+00 -1.804119835416438722e+00 -8.154300646102998762e-01 8.154300646103003203e-01 1.804119835416438500e+00 -2.925963186371768110e+00 -3.753861341420245967e+00 2.145030678641854038e+00 8.637753464142357007e-01
2.748893571891069421e+00 -1.768194228683497071e+00 -8.087186066944946905e-01 8.087186066944950236e-01 1.768194228683497293e+00 -2.950131097069585984e+00 -3.745925921019682470e+00 2.117986488874848305e+00 8.825523991692729719e-01
2.764601535159018297e+00 -1.732445295974021082e+00 -8.028367827060656214e-01 8.028367827060657325e-01 1.732445295974021304e+00 -2.973991670342655436e+00 -3.737706980825953984e+00 2.090903162287320871e+00 9.016895453282840478e-01
2.780309498426967174e+00 -1.696896674422597062e+00 -7.978377975332784366e-01 7.978377975332788807e-01 1.696896674422596618e+00 -2.997542011311461696e+00 -3.729202069727756363e+00 2.063788170711405190e+00 9.211797870083437978e-01
2.796017461694916051e+00 -1.661572677415093180e+00 -7.937739696731531680e-01 7.937739696731529460e-01 1.661572677415093402e+00 -3.020779408788930365e+00 -3.720408744762234932e+00 2.036649058221188469e+00 9.410160195130745642e-01
2.811725424962864928e+00 -1.626498312228420451e+00 -7.906960985074971138e-01 7.906960985074967807e-01 1.626498312228420007e+00 -3.043701332527121384e+00 -3.711324576551629839e+00 2.009493438596007042e+00 9.611910351725626578e-01
2.827433388230814248e+00 -1.591699297686912207e+00 -7.886527993242469226e-01 7.886527993242469226e-01 1.591699297686911985e+00 -3.066305430518869279e+00 -3.701947154703537191e+00 1.982328992732429906e+00 9.816975273093622167e-01
2.843141351498763125e+00 -1.557202081726792198e+00 -7.876898254902472418e-01 7.876898254902470198e-01 1.557202081726791976e+00 -3.088589526345498992e+00 -3.692274093165799798e+00 1.955163466003987605e+00 1.002528094313991591e+00
2.858849314766712002e+00 -1.523033858718039202e+00 -7.878494004407402551e-01 7.878494004407397000e-01 1.523033858718039202e+00 -3.110551616561888277e+00 -3.682303035527597412e+00 1.928004665567681464e+00 1.023675243814032854e+00
2.874557278034660879e+00 -1.489222586336287124e+00 -7.891695842261673421e-01 7.891695842261671201e-01 1.489222586336287124e+00 -3.132189868110417219e+00 -3.672031660259081232e+00 1.900860457616291743e+00 1.045131396922013289e+00
2.890265241302609756e+00 -1.455797001702351823e+00 -7.916836998637404310e-01 7.916836998637399869e-01 1.455797001702351379e+00 -3.153502615755557681e+00 -3.661457685882451685e+00 1.873738764575490157e+00 1.066888892547997569e+00
2.905973204570559076e+00 -1.422786636409679728e+00 -7.954198434280755903e-01 7.954198434280754793e-01 1.422786636409679728e+00 -3.174488359531090875e+00 -3.650578876068115708e+00 1.846647562244710494e+00 1.088939991763789861e+00
2.921681167838507953e+00 -1.390221829935885722e+00 -8.004004986228202556e-01 8.004004986228195895e-01 1.390221829935885944e+00 -3.195145762192115768e+00 -3.639393044650197862e+00 1.819594876880815004e+00 1.111276882206507333e+00
2.937389131106456830e+00 -1.358133740778982190e+00 -8.066422716716733499e-01 8.066422716716733499e-01 1.358133740778981968e+00 -3.215473646664318341e+00 -3.627898060556308479e+00 1.792588782223504484e+00 1.133891682510059118e+00
2.953097094374405707e+00 -1.326554354467337937e+00 -8.141557561432749557e-01 8.141557561432751777e-01 1.326554354467338159e+00 -3.235470993483114732e+00 -3.616091852647159932e+00 1.765637396461523734e+00 1.156776446753995602e+00
2.968805057642354583e+00 -1.295516487360567570e+00 -8.229455303492704266e-01 8.229455303492707596e-01 1.295516487360567792e+00 -3.255136938215544617e+00 -3.603972414462206064e+00 1.738748879138696468e+00 1.179923168919957632e+00
2.984513020910303904e+00 -1.265053784883401367e+00 -8.330102828959943251e-01 8.330102828959945471e-01 1.265053784883400922e+00 -3.274470768858042558e+00 -3.591537808868145110e+00 1.711931427998890198e+00 1.203323787346743945e+00
3.000220984178252781e+00 -1.235200712514649357e+00 -8.443430554952592315e-01 8.443430554952590095e-01 1.235200712514648913e+00 -3.293471923203388663e+00 -3.578786172607650862e+00 1.685193275769074628e+00 1.226970189175736747e+00
3.015928947446201658e+00 -1.205992537489935401e+00 -8.569315868190653385e-01 8.569315868190651164e-01 1.205992537489935179e+00 -3.312139986170411277e+00 -3.565715720746405193e+00 1.658542686879679096e+00 1.250854214779224760e+00
3.031636910714150535e+00 -1.177465298775241642e+00 -8.707587374145056014e-01 8.707587374145057124e-01 1.177465298775241420e+00 -3.330474687090231534e+00 -3.552324751016894488e+00 1.631987954121590256e+00 1.274967662164815385e+00
3.047344873982099411e+00 -1.149655762439007356e+00 -8.858029736636634510e-01 8.858029736636635620e-01 1.149655762439007578e+00 -3.348475896943097663e+00 -3.538611648058167525e+00 1.605537395239199583e+00 1.299302291349744953e+00
3.063052837250048732e+00 -1.122601359111256247e+00 -9.020388884499289661e-01 9.020388884499295212e-01 1.122601359111256469e+00 -3.366143625540074957e+00 -3.524574887551119584e+00 1.579199349459053492e+00 1.323849828699627640e+00
3.078760800517997609e+00 -1.096340099795364509e+00 -9.194377373681184018e-01 9.194377373681185128e-01 1.096340099795364731e+00 -3.383478018644127339e+00 -3.510213040249444916e+00 1.552982173953788791e+00 1.348601971226696783e+00
3.094468763785946486e+00 -1.070910465928359034e+00 -9.379679716584282678e-01 9.379679716584280458e-01 1.070910465928359034e+00 -3.400479355025380013e+00 -3.495524775906893478e+00 1.526894240241211564e+00 1.373550390843181424e+00
3.110176727053895362e+00 -1.046351269317532973e+00 -9.575957521619696822e-01 9.575957521619696822e-01 1.046351269317532973e+00 -3.417148043445620065e+00 -3.480508867101883563e+00 1.500943930518561453e+00 1.398686738566013554e+00
3.125884690321844239e+00 -1.022701477475080445e+00 -9.782854320974411211e-01 9.782854320974411211e-01 1.022701477475080223e+00 -3.433484619567373830e+00 -3.465164192960974443e+00 1.475139633932195382e+00 1.424002648669511206e+00
3.141592653589793560e+00 -9.999999999999995559e-01 -1.000000000000000444e+00 1.000000000000000666e+00 9.999999999999997780e-01 -3.449489742783177881e+00 -3.449489742783177881e+00 1.449489742783176993e+00 1.449489742783177659e+00
3.157300616857742437e+00 -9.782854320974405660e-01 -1.022701477475080445e+00 1.022701477475080223e+00 9.782854320974404549e-01 -3.465164192960976219e+00 -3.433484619567373386e+00 1.424002648669511872e+00 1.475139633932194050e+00
3.173008580125691314e+00 -9.575957521619694601e-01 -1.046351269317533195e+00 1.046351269317533417e+00 9.575957521619699042e-01 -3.480508867101883119e+00 -3.417148043445618733e+00 1.398686738566014665e+00 1.500943930518563230e+00
3.188716543393640190e+00 -9.379679716584277127e-01 -1.070910465928359256e+00 1.070910465928359034e+00 9.379679716584272686e-01 -3.495524775906894810e+00 -3.400479355025379569e+00 1.373550390843180757e+00 1.526894240241212453e+00
3.204424506661589067e+00 -9.194377373681186238e-01 -1.096340099795365397e+00 1.096340099795365175e+00 9.194377373681186238e-01 -3.510213040249443583e+00 -3.383478018644126450e+00 1.348601971226695673e+00 1.552982173953789014e+00
3.220132469929538388e+00 -9.020388884499290771e-01 -1.122601359111257802e+00 1.122601359111258024e+00 9.020388884499291882e-01 -3.524574887551119584e+00 -3.366143625540074513e+00 1.323849828699628528e+00 1.579199349459053048e+00
3.235840433197487265e+00 -8.858029736636633400e-01 -1.149655762439007800e+00 1.149655762439007578e+00 8.858029736636634510e-01 -3.538611648058169301e+00 -3.348475896943096775e+00 1.299302291349745397e+00 1.605537395239200915e+00
3.251548396465436142e+00 -8.707587374145056014e-01 -1.177465298775241864e+00 1.177465298775241642e+00 8.707587374145054904e-01 -3.552324751016894044e+00 -3.330474687090229757e+00 1.274967662164816051e+00 1.631987954121590034e+00
3.267256359733385018e+00 -8.569315868190650054e-01 -1.205992537489935401e+00 1.205992537489935179e+00 8.569315868190648944e-01 -3.565715720746405193e+00 -3.312139986170411721e+00 1.250854214779224760e+00 1.658542686879680650e+00
3.282964323001333895e+00 -8.443430554952585654e-01 -1.235200712514649135e+00 1.235200712514648913e+00 8.443430554952585654e-01 -3.578786172607652194e+00 -3.293471923203388663e+00 1.226970189175734749e+00 1.685193275769073740e+00
3.298672286269283216e+00 -8.330102828959936589e-01 -1.265053784883402255e+00 1.265053784883402477e+00 8.330102828959936589e-01 -3.591537808868144666e+00 -3.274470768858040781e+00 1.203323787346743501e+00 1.711931427998890864e+00
3.314380249537232093e+00 -8.229455303492703155e-01 -1.295516487360568014e+00 1.295516487360568458e+00 8.229455303492704266e-01 -3.603972414462207396e+00 -3.255136938215541953e+00 1.179923168919957854e+00 1.738748879138695580e+00
3.330088212805180969e+00 -8.141557561432752887e-01 -1.326554354467338825e+00 1.326554354467338825e+00 8.141557561432753998e-01 -3.616091852647159044e+00 -3.235470993483115176e+00 1.156776446753994270e+00 1.765637396461523290e+00
3.345796176073129846e+00 -8.066422716716732388e-01 -1.358133740778982634e+00 1.358133740778982634e+00 8.066422716716727948e-01 -3.627898060556308923e+00 -3.215473646664319674e+00 1.133891682510059784e+00 1.792588782223503818e+00
3.361504139341078723e+00 -8.004004986228203666e-01 -1.390221829935886610e+00 1.390221829935886833e+00 8.004004986228199225e-01 -3.639393044650199194e+00 -3.195145762192115768e+00 1.111276882206508665e+00 1.819594876880816336e+00
3.377212102609028044e+00 -7.954198434280752572e-01 -1.422786636409681060e+00 1.422786636409680838e+00 7.954198434280753682e-01 -3.650578876068116152e+00 -3.174488359531089099e+00 1.088939991763789195e+00 1.846647562244712049e+00
3.392920065876976921e+00 -7.916836998637396539e-01 -1.455797001702351601e+00 1.455797001702351823e+00 7.916836998637396539e-01 -3.661457685882453017e+00 -3.153502615755559457e+00 1.066888892547996015e+00 1.873738764575491711e+00
3.408628029144925797e+00 -7.891695842261665650e-01 -1.489222586336287568e+00 1.489222586336287124e+00 7.891695842261665650e-01 -3.672031660259083008e+00 -3.132189868110417219e+00 1.045131396922013067e+00 1.900860457616292853e+00
3.424335992412874674e+00 -7.878494004407402551e-01 -1.523033858718040090e+00 1.523033858718040090e+00 7.878494004407401441e-01 -3.682303035527596968e+00 -3.110551616561886501e+00 1.023675243814031743e+00 1.928004665567680576e+00
3.440043955680823551e+00 -7.876898254902464647e-01 -1.557202081726792198e+00 1.557202081726791976e+00 7.876898254902469088e-01 -3.692274093165798909e+00 -3.088589526345498548e+00 1.002528094313989149e+00 1.955163466003986716e+00
3.455751918948772872e+00 -7.886527993242474777e-01 -1.591699297686913983e+00 1.591699297686913539e+00 7.886527993242476997e-01 -3.701947154703537635e+00 -3.066305430518866171e+00 9.816975273093599963e-01 1.982328992732429240e+00
3.471459882216721748e+00 -7.906960985074966697e-01 -1.626498312228420451e+00 1.626498312228420673e+00 7.906960985074966697e-01 -3.711324576551628507e+00 -3.043701332527120051e+00 9.611910351725614365e-01 2.009493438596007486e+00
3.487167845484670625e+00 -7.937739696731540562e-01 -1.661572677415094290e+00 1.661572677415094290e+00 7.937739696731541672e-01 -3.720408744762235820e+00 -3.020779408788931697e+00 9.410160195130762295e-01 2.036649058221189801e+00
3.502875808752619502e+00 -7.978377975332783256e-01 -1.696896674422597062e+00 1.696896674422597062e+00 7.978377975332782146e-01 -3.729202069727755919e+00 -2.997542011311460364e+00 9.211797870083420214e-01 2.063788170711403858e+00
3.518583772020568823e+00 -8.028367827060657325e-01 -1.732445295974022637e+00 1.732445295974022637e+00 8.028367827060658435e-01 -3.737706980825954428e+00 -2.973991670342653215e+00 9.016895453282817163e-01 2.090903162287321315e+00
3.534291735288517700e+00 -8.087186066944951346e-01 -1.768194228683498403e+00 1.768194228683498403e+00 8.087186066944951346e-01 -3.745925921019683358e+00 -2.950131097069584207e+00 8.825523991692721948e-01 2.117986488874850526e+00
3.549999698556466576e+00 -8.154300646102999872e-01 -1.804119835416439388e+00 1.804119835416439388e+00 8.154300646102998762e-01 -3.753861341420245079e+00 -2.925963186371768554e+00 8.637753464142348125e-01 2.145030678641852262e+00
3.565707661824415453e+00 -8.229176502340000976e-01 -1.840199137744386482e+00 1.840199137744386704e+00 8.229176502340002086e-01 -3.761515695824074523e+00 -2.901491019638532176e+00 8.453652744364146265e-01 2.172028334484410905e+00
3.581415625092364330e+00 -8.311280822953396319e-01 -1.876409798550720875e+00 1.876409798550720431e+00 8.311280822953399650e-01 -3.768891435232998521e+00 -2.876717867659810857e+00 8.273289565652450772e-01 2.198972136463485327e+00
3.597123588360313651e+00 -8.400087650650310822e-01 -1.912730104828460620e+00 1.912730104828460842e+00 8.400087650650311932e-01 -3.775991002369024407e+00 -2.851647193599854635e+00 8.096730487335853654e-01 2.225854844192831639e+00
3.612831551628262527e+00 -8.495081801738771921e-01 -1.949138950701266415e+00 1.949138950701266193e+00 8.495081801738769700e-01 -3.782816826195103843e+00 -2.826282656063555443e+00 7.924040863263639434e-01 2.252669299178823969e+00
3.628539514896211404e+00 -8.595762098259986939e-01 -1.985615820692185896e+00 1.985615820692185896e+00 8.595762098259992490e-01 -3.789371316453912453e+00 -2.800628112265275860e+00 7.755284812514513515e-01 2.279408427112963764e+00
3.644247478164160281e+00 -8.701643941524248582e-01 -2.022140773260469260e+00 2.022140773260469260e+00 8.701643941524253023e-01 -3.795656858237197895e+00 -2.774687621310172325e+00 7.590525192543005062e-01 2.306065240117616266e+00
3.659955441432109158e+00 -8.812261273441701626e-01 -2.058694424624251784e+00 2.058694424624251340e+00 8.812261273441707177e-01 -3.801675806598684648e+00 -2.748465447598148703e+00 7.429823574984826262e-01 2.332632838945586151e+00
3.675663404700058479e+00 -8.927167984545231194e-01 -2.095257932885280283e+00 2.095257932885281171e+00 8.927167984545230084e-01 -3.807430481223985641e+00 -2.721966064360648918e+00 7.273240224348764826e-01 2.359104415133983057e+00
3.691371367968007355e+00 -9.045938834515269145e-01 -2.131812982470826956e+00 2.131812982470826512e+00 9.045938834515271365e-01 -3.812923161171340780e+00 -2.695194157340500052e+00 7.120834079826710017e-01 2.385473253112802006e+00
3.707079331235956232e+00 -9.168169953356353208e-01 -2.168341768907136480e+00 2.168341768907136036e+00 9.168169953356349877e-01 -3.818156079697274663e+00 -2.668154628625091007e+00 6.972662740457417074e-01 2.411732732268565105e+00
3.722787294503905109e+00 -9.293478990204461221e-01 -2.204826983937968166e+00 2.204826983937968166e+00 9.293478990204464552e-01 -3.823131419181582835e+00 -2.640852600642968895e+00 6.828782453882050740e-01 2.437876328963264783e+00
3.738495257771853986e+00 -9.421504973063761224e-01 -2.241251801000981203e+00 2.241251801000981203e+00 9.421504973063766775e-01 -3.827851306166166090e+00 -2.613293420333888673e+00 6.689248108930102577e-01 2.463897618508799070e+00
3.754203221039803307e+00 -9.551907937452668307e-01 -2.277599861073700271e+00 2.277599861073700271e+00 9.551907937452679409e-01 -3.832317806522444137e+00 -2.585482663502048251e+00 6.554113232274190182e-01 2.489790277096979754e+00
3.769911184307752183e+00 -9.684368375701599696e-01 -2.313855258899688128e+00 2.313855258899687239e+00 9.684368375701607468e-01 -3.836532920762014243e+00 -2.557426139361869133e+00 6.423429989389413119e-01 2.515548083685153813e+00
3.785619147575701060e+00 -9.818586552045474036e-01 -2.350002529604229728e+00 2.350002529604229284e+00 9.818586552045479587e-01 -3.840498579505283061e+00 -2.529129895285268326e+00 6.297249190048564982e-01 2.541164921837335999e+00
3.801327110843649937e+00 -9.954281722102603647e-01 -2.386026635707404697e+00 2.386026635707405141e+00 9.954281722102606977e-01 -3.844216639122576495e+00 -2.500600221758636721e+00 6.175620298577665368e-01 2.566634781520684694e+00
3.817035074111598814e+00 -1.009119128911037500e+00 -2.421912954540897722e+00 2.421912954540897722e+00 1.009119128911037944e+00 -3.847688877562143173e+00 -2.471843657557004192e+00 6.058591449087215031e-01 2.591951760857106102e+00
3.832743037379548134e+00 -1.022906992357217604e+00 -2.457647266073287984e+00 2.457647266073288428e+00 1.022906992357217160e+00 -3.850916990379087412e+00 -2.442866995141821818e+00 5.946209465881547862e-01 2.617110067829597764e+00
3.848451000647497011e+00 -1.036768866785610310e+00 -2.493215741146946218e+00 2.493215741146945330e+00 1.036768866785610754e+00 -3.853902586978944278e+00 -2.413677286287509549e+00 5.838519889234162763e-01 2.642104021942914827e+00
3.864158963915445888e+00 -1.050683404280879474e+00 -2.528604930128044881e+00 2.528604930128046213e+00 1.050683404280878364e+00 -3.856647187089112805e+00 -2.384281847940469490e+00 5.735567006696952186e-01 2.666928055838049261e+00
3.879866927183394765e+00 -1.064630716960012657e+00 -2.563801751969577936e+00 2.563801751969577936e+00 1.064630716960013102e+00 -3.859152217470864787e+00 -2.354688268312296273e+00 5.637393890088724380e-01 2.691576716859849228e+00
3.895574890451343641e+00 -1.078592291676319315e+00 -2.598793483685820416e+00 2.598793483685820860e+00 1.078592291676318871e+00 -3.861419008883987036e+00 -2.324904413206847043e+00 5.544042438280714080e-01 2.716044668577117349e+00
3.911282853719292962e+00 -1.092550907968720342e+00 -2.633567750235164873e+00 2.633567750235163984e+00 1.092550907968721008e+00 -3.863448793315356067e+00 -2.294938432578125909e+00 5.455553425864324568e-01 2.740326692254296148e+00
3.926990816987241839e+00 -1.106490559760005876e+00 -2.668112514806977753e+00 2.668112514806979085e+00 1.106490559760004544e+00 -3.865242701482084708e+00 -2.264798767312900196e+00 5.371966557748731885e-01 2.764417688273923090e+00
3.942698780255190716e+00 -1.120396381128111907e+00 -2.702416069506883289e+00 2.702416069506883289e+00 1.120396381128112573e+00 -3.866801760618835182e+00 -2.234494156228336692e+00 5.293320529691841747e-01 2.788312677508729465e+00
3.958406743523139593e+00 -1.134254576331327868e+00 -2.736467026433751837e+00 2.736467026433751837e+00 1.134254576331327868e+00 -3.868126892558118257e+00 -2.204033643270827181e+00 5.219653094718178510e-01 2.812006802642373238e+00
3.974114706791088469e+00 -1.148052354155973953e+00 -2.770254309140732563e+00 2.770254309140732563e+00 1.148052354155974175e+00 -3.869218912111279440e+00 -2.173426584897214742e+00 5.151001135319027702e-01 2.835495329437497602e+00
3.989822670059037790e+00 -1.161777866568597828e+00 -2.803767144471759121e+00 2.803767144471758677e+00 1.161777866568598494e+00 -3.870078525756861509e+00 -2.142682657614182862e+00 5.087400741265453163e-01 2.858773647949893082e+00
4.005530633326986667e+00 -1.175420151589451123e+00 -2.836995054764264168e+00 2.836995054764263724e+00 1.175420151589451567e+00 -3.870706330641930482e+00 -2.111811865645084829e+00 5.028887292790182872e-01 2.881837273687263501e+00
4.021238596594935544e+00 -1.188969080256036870e+00 -2.869927850408177328e+00 2.869927850408177328e+00 1.188969080256036204e+00 -3.871102813900732631e+00 -2.080824548686284192e+00 4.975495548811190161e-01 2.904681848711137881e+00
4.036946559862884421e+00 -1.202415307511635945e+00 -2.902555622750789155e+00 2.902555622750788711e+00 1.202415307511636389e+00 -3.871268352293901316e+00 -2.049731389706851648e+00 4.927259739776471692e-01 2.927303142680285575e+00
4.052654523130833297e+00 -1.215750226830960568e+00 -2.934868737336659539e+00 2.934868737336659539e+00 1.215750226830959901e+00 -3.871203212170212460e+00 -2.018543422736172932e+00 4.884213664605895899e-01 2.949697053833890248e+00
4.068362486398782174e+00 -1.228965928381035688e+00 -2.966857827471411024e+00 2.966857827471411468e+00 1.228965928381036576e+00 -3.870907549751600563e+00 -1.987272040573660803e+00 4.846390791089972283e-01 2.971859609912725908e+00
4.084070449666731051e+00 -1.242055160508448441e+00 -2.998513788098086774e+00 2.998513788098086330e+00 1.242055160508449108e+00 -3.870381411740896116e+00 -1.955929002343247403e+00 4.813824358978976981e-01 2.993786969016352106e+00
4.099778412934680816e+00 -1.255011294342029737e+00 -3.029827769974538398e+00 3.029827769974538842e+00 1.255011294342030181e+00 -3.869624736250537822e+00 -1.924526440802501570e+00 4.786547484856297774e-01 3.015475420394296169e+00
4.115486376202629693e+00 -1.267828291302275812e+00 -3.060791174140311099e+00 3.060791174140310655e+00 1.267828291302275812e+00 -3.868637354049217159e+00 -1.893076869302290799e+00 4.764593267737923243e-01 3.036921385169193854e+00
4.131194339470578569e+00 -1.280500673313633264e+00 -3.091395646661456720e+00 3.091395646661457164e+00 1.280500673313633264e+00 -3.867418990122138744e+00 -1.861593188277535615e+00 4.747994894176074676e-01 3.058121416989541430e+00
4.146902302738527446e+00 -1.293023495522848121e+00 -3.121633073641775447e+00 3.121633073641774558e+00 1.293023495522849453e+00 -3.865969265539499933e+00 -1.830088691133191503e+00 4.736785741468720889e-01 3.079072202609836051e+00
4.162610266006476323e+00 -1.305392321334939876e+00 -3.151495576489102390e+00 3.151495576489102390e+00 1.305392321334939876e+00 -3.864287699626456352e+00 -1.798577069371911197e+00 4.730999477389230545e-01 3.099770562395650408e+00
4.178318229274425200e+00 -1.317603199587646046e+00 -3.180975507425400917e+00 3.180975507425400473e+00 1.317603199587646490e+00 -3.862373712426855565e+00 -1.767072416791168665e+00 4.730670154653749404e-01 3.120213450751164075e+00
4.194026192542374076e+00 -1.329652643694943626e+00 -3.210065445229624892e+00 3.210065445229624892e+00 1.329652643694945624e+00 -3.860226627451829096e+00 -1.735589232558171657e+00 4.735832298138502039e-01 3.140397956466519425e+00
4.209734155810322953e+00 -1.341537612600126605e+00 -3.238758191202519399e+00 3.238758191202518510e+00 1.341537612600126383e+00 -3.857845674703378247e+00 -1.704142422950867042e+00 4.746520982650099807e-01 3.160321302982374014e+00
4.225442119078271830e+00 -1.353255493388803021e+00 -3.267046765342816794e+00 3.267046765342816350e+00 1.353255493388803687e+00 -3.855229993962102419e+00 -1.672747301533136222e+00 4.762771898840922891e-01 3.179980848568852991e+00
4.241150082346220707e+00 -1.364804085421835733e+00 -3.294924402724497714e+00 3.294924402724497270e+00 1.364804085421836399e+00 -3.852378638327342397e+00 -1.641419587512440659e+00 4.784621404654986754e-01 3.199374086416096219e+00
4.256858045614170472e+00 -1.376181585857419343e+00 -3.322384550065141440e+00 3.322384550065140552e+00 1.376181585857420675e+00 -3.849290577997180218e+00 -1.610175402009227374e+00 4.812106559492911884e-01 3.218498644633457140e+00
4.272566008882119348e+00 -1.387386576440453601e+00 -3.349420862475634753e+00 3.349420862475634308e+00 1.387386576440452268e+00 -3.845964704275040891e+00 -1.579031261950192055e+00 4.845265138105321889e-01 3.237352286154411285e+00
4.288273972150068225e+00 -1.398418011445614395e+00 -3.376027200381868987e+00 3.376027200381868987e+00 1.398418011445614173e+00 -3.842399833788947561e+00 -1.548004071282720773e+00 4.884135621071037381e-01 3.255932908544129756e+00
4.303981935418017102e+00 -1.409275206668455072e+00 -3.402197626609321013e+00 3.402197626609320125e+00 1.409275206668454627e+00 -3.838594712908974138e+00 -1.517111109196865204e+00 4.928757158600806654e-01 3.274238543706636584e+00
4.319689898685965979e+00 -1.419957829366085722e+00 -3.427926403621791795e+00 3.427926403621790463e+00 1.419957829366085278e+00 -3.834548022347911811e+00 -1.486370015034812919e+00 4.979169504339626684e-01 3.292267357488402713e+00
4.335397861953914855e+00 -1.430465889055801298e+00 -3.453207990905850622e+00 3.453207990905849734e+00 1.430465889055801298e+00 -3.830258381929834588e+00 -1.455798769567705264e+00 5.035412915835628667e-01 3.310017649175265753e+00
4.351105825221863732e+00 -1.440799729086271519e+00 -3.478037042492893249e+00 3.478037042492893249e+00 1.440799729086271741e+00 -3.825724355510911945e+00 -1.425415672326958871e+00 5.097528018414220208e-01 3.327487850879419007e+00
4.366813788489812609e+00 -1.450960018901617632e+00 -3.502408404611010884e+00 3.502408404611011328e+00 1.450960018901617188e+00 -3.820944456036628800e+00 -1.395239314693685673e+00 5.165555629358110634e-01 3.344676526813335382e+00
4.382521751757761486e+00 -1.460947746923967561e+00 -3.526317113459217278e+00 3.526317113459218611e+00 1.460947746923966006e+00 -3.815917150719495776e+00 -1.365288548476717878e+00 5.239536539562185125e-01 3.361582372447395883e+00
4.398229715025710362e+00 -1.470764213984901092e+00 -3.549758393096858367e+00 3.549758393096858811e+00 1.470764213984899316e+00 -3.810640866321215903e+00 -1.335582449748700329e+00 5.319511250220950727e-01 3.378204213548029688e+00
4.413937678293660127e+00 -1.480411027240495336e+00 -3.572727653441353457e+00 3.572727653441353901e+00 1.480411027240495780e+00 -3.805113994523402710e+00 -1.306140277761951962e+00 5.405519662629063582e-01 3.394541005093235864e+00
4.429645641561609004e+00 -1.489890094508697249e+00 -3.595220488367728784e+00 3.595220488367727896e+00 1.489890094508697027e+00 -3.799334897371034803e+00 -1.276981428832359100e+00 5.497600719841549965e-01 3.410591830062323915e+00
4.445353604829557881e+00 -1.499203618971278740e+00 -3.617232673903658657e+00 3.617232673903657325e+00 1.499203618971279406e+00 -3.793301912773063833e+00 -1.248125385161046985e+00 5.595791999757359081e-01 3.426355898096885788e+00
4.461061568097506758e+00 -1.508354094185896166e+00 -3.638760166514038108e+00 3.638760166514038552e+00 1.508354094185895944e+00 -3.787013360044835686e+00 -1.219591658660163169e+00 5.700129260156472366e-01 3.441832544029933327e+00
4.476769531365455634e+00 -1.517344299356642612e+00 -3.659799101469386251e+00 3.659799101469385807e+00 1.517344299356642612e+00 -3.780467545477347979e+00 -1.191399729960030074e+00 5.810645937333780431e-01 3.457021226280378556e+00
4.492477494633404511e+00 -1.526177294814171637e+00 -3.680345791292638946e+00 3.680345791292638058e+00 1.526177294814172081e+00 -3.773662767918787075e+00 -1.163568982898951720e+00 5.927372601214927483e-01 3.471921525110078122e+00
4.508185457901353388e+00 -1.534856417658723382e+00 -3.700396724279121585e+00 3.700396724279121585e+00 1.534856417658722938e+00 -3.766597324354187037e+00 -1.136118634931591043e+00 6.050336371189688478e-01 3.486533140740760928e+00
4.523893421169302265e+00 -1.543385277521621912e+00 -3.719948563084808590e+00 3.719948563084808590e+00 1.543385277521621024e+00 -3.759269515469633838e+00 -1.109067664033860368e+00 6.179560298321173928e-01 3.500855891328478187e+00
4.539601384437251141e+00 -1.551767752402630984e+00 -3.738998143378104988e+00 3.738998143378105432e+00 1.551767752402630096e+00 -3.751677651187925733e+00 -1.082434732827129098e+00 6.315062721042791205e-01 3.514889710793137834e+00
4.555309347705200018e+00 -1.560007984542365111e+00 -3.757542472550754020e+00 3.757542472550754908e+00 1.560007984542364889e+00 -3.743820056163238874e+00 -1.056238110787192763e+00 6.456856602883110918e-01 3.528634646501197736e+00
4.571017310973149783e+00 -1.568110376290418273e+00 -3.775578728483546698e+00 3.775578728483546698e+00 1.568110376290418495e+00 -3.735695075222917438e+00 -1.030495595537421538e+00 6.604948862104466079e-01 3.542090856799564147e+00
4.586725274241098660e+00 -1.576079585931441152e+00 -3.793104258362834713e+00 3.793104258362834269e+00 1.576079585931441818e+00 -3.727301078745203000e+00 -1.005224434344348383e+00 6.759339704331676080e-01 3.555258608399167741e+00
4.602433237509047537e+00 -1.583920523432604144e+00 -3.810116577544001792e+00 3.810116577544002237e+00 1.583920523432603922e+00 -3.718636467962351588e+00 -9.804412470305809979e-01 6.920021970218360741e-01 3.568138273606917821e+00
4.618141200776996413e+00 -1.591638346077209887e+00 -3.826613368458231079e+00 3.826613368458231967e+00 1.591638346077208555e+00 -3.709699680179292525e+00 -9.561619515876041975e-01 7.086980510878019279e-01 3.580730327405037272e+00
4.633849164044945290e+00 -1.599238453950324379e+00 -3.842592479559129082e+00 3.842592479559128194e+00 1.599238453950324379e+00 -3.700489193898642171e+00 -9.324016938036259194e-01 7.260191604137024024e-01 3.593035344377185858e+00
4.649557127312894167e+00 -1.606726485243504143e+00 -3.858051924305900382e+00 3.858051924305900826e+00 1.606726485243503921e+00 -3.691003533843633111e+00 -9.091747822142266511e-01 7.439622424595251360e-01 3.605053995481080520e+00
4.665265090580843044e+00 -1.614108311346737823e+00 -3.872989880179984912e+00 3.872989880179985356e+00 1.614108311346735380e+00 -3.681241275871179219e+00 -8.864946296327163022e-01 7.625230579975342815e-01 3.616787044667791662e+00
4.680973053848791920e+00 -1.621390031696871015e+00 -3.887404687732172626e+00 3.887404687732172626e+00 1.621390031696871681e+00 -3.671201051767982726e+00 -8.643737024217237330e-01 7.816963725289134413e-01 3.628235345348278962e+00
4.696681017116740797e+00 -1.628577968352981076e+00 -3.901294849657436448e+00 3.901294849657436004e+00 1.628577968352981964e+00 -3.660881553923339471e+00 -8.428234785284209885e-01 8.014759264962149077e-01 3.639399836708260949e+00
4.712388980384689674e+00 -1.635678660270177609e+00 -3.914659029894782538e+00 3.914659029894781206e+00 1.635678660270177609e+00 -3.650281539872885173e+00 -8.218544151266949926e-01 8.218544151266944375e-01 3.650281539872885617e+00
4.728096943652639439e+00 -1.642698857244787147e+00 -3.927496052749661626e+00 3.927496052749660738e+00 1.642698857244786925e+00 -3.639399836708260949e+00 -8.014759264962139085e-01 8.428234785284210995e-01 3.660881553923338583e+00
4.743804906920588316e+00 -1.649645513505003658e+00 -3.939804902036512235e+00 3.939804902036511791e+00 1.649645513505002326e+00 -3.628235345348280738e+00 -7.816963725289117759e-01 8.643737024217238440e-01 3.671201051767982726e+00
4.759512870188537192e+00 -1.656525780922637026e+00 -3.951584720239224247e+00 3.951584720239223802e+00 1.656525780922637692e+00 -3.616787044667789885e+00 -7.625230579975339484e-01 8.864946296327173014e-01 3.681241275871177443e+00
4.775220833456486069e+00 -1.663347001823081595e+00 -3.962834807687369398e+00 3.962834807687370287e+00 1.663347001823080706e+00 -3.605053995481081408e+00 -7.439622424595249139e-01 9.091747822142262070e-01 3.691003533843633999e+00
4.790928796724434946e+00 -1.670116701372335255e+00 -3.973554621746188342e+00 3.973554621746189675e+00 1.670116701372335477e+00 -3.593035344377187634e+00 -7.260191604137006260e-01 9.324016938036269186e-01 3.700489193898641282e+00
4.806636759992383823e+00 -1.676842579521748311e+00 -3.983743776018448202e+00 3.983743776018448202e+00 1.676842579521748977e+00 -3.580730327405036384e+00 -7.086980510878013728e-01 9.561619515876053077e-01 3.709699680179292969e+00
4.822344723260332700e+00 -1.683532502493090943e+00 -3.993402039556336547e+00 3.993402039556336991e+00 1.683532502493089611e+00 -3.568138273606918265e+00 -6.920021970218361851e-01 9.804412470305828853e-01 3.718636467962352476e+00
4.838052686528281576e+00 -1.690194493788834906e+00 -4.002529336081731337e+00 4.002529336081732225e+00 1.690194493788834018e+00 -3.555258608399168629e+00 -6.759339704331676080e-01 1.005224434344349493e+00 3.727301078745203888e+00
4.853760649796230453e+00 -1.696836724714773759e+00 -4.011125743213202810e+00 4.011125743213201922e+00 1.696836724714774647e+00 -3.542090856799563703e+00 -6.604948862104466079e-01 1.030495595537422426e+00 3.735695075222916106e+00
4.869468613064179330e+00 -1.703467504404697852e+00 -4.019191491698260066e+00 4.019191491698260954e+00 1.703467504404699406e+00 -3.528634646501197292e+00 -6.456856602883116469e-01 1.056238110787192985e+00 3.743820056163238430e+00
4.885176576332129095e+00 -1.710095269339600765e+00 -4.026726964649391505e+00 4.026726964649391505e+00 1.710095269339599877e+00 -3.514889710793137834e+00 -6.315062721042790095e-01 1.082434732827130208e+00 3.751677651187925733e+00
4.900884539600077971e+00 -1.716728572356783111e+00 -4.033732696782552196e+00 4.033732696782553973e+00 1.716728572356781779e+00 -3.500855891328477298e+00 -6.179560298321178369e-01 1.109067664033861034e+00 3.759269515469633394e+00
4.916592502868026848e+00 -1.723376071147379340e+00 -4.040209373656849401e+00 4.040209373656850289e+00 1.723376071147377120e+00 -3.486533140740761372e+00 -6.050336371189671825e-01 1.136118634931592375e+00 3.766597324354187037e+00
4.932300466135975725e+00 -1.730046516244119426e+00 -4.046157830914163256e+00 4.046157830914163256e+00 1.730046516244119426e+00 -3.471921525110075013e+00 -5.927372601214925263e-01 1.163568982898952164e+00 3.773662767918786187e+00
4.948008429403924602e+00 -1.736748738504692913e+00 -4.051579053517661677e+00 4.051579053517662565e+00 1.736748738504692691e+00 -3.457021226280379889e+00 -5.810645937333775990e-01 1.191399729960031628e+00 3.780467545477348423e+00
4.963716392671873479e+00 -1.743491636099626652e+00 -4.056474174988044190e+00 4.056474174988045078e+00 1.743491636099625541e+00 -3.441832544029931107e+00 -5.700129260156469035e-01 1.219591658660163835e+00 3.787013360044835686e+00
4.979424355939822355e+00 -1.750284161017536366e+00 -4.060844476636590983e+00 4.060844476636590983e+00 1.750284161017535034e+00 -3.426355898096885788e+00 -5.595791999757345758e-01 1.248125385161048095e+00 3.793301912773063833e+00
4.995132319207771232e+00 -1.757135305104437384e+00 -4.064691386794010874e+00 4.064691386794009986e+00 1.757135305104440715e+00 -3.410591830062324359e+00 -5.497600719841546635e-01 1.276981428832359766e+00 3.799334897371034803e+00
5.010840282475720109e+00 -1.764054085657917659e+00 -4.068016480034254201e+00 4.068016480034254201e+00 1.764054085657917659e+00 -3.394541005093234975e+00 -5.405519662629053590e-01 1.306140277761953072e+00 3.805113994523402710e+00
5.026548245743668986e+00 -1.771049530600963928e+00 -4.070821476392383786e+00 4.070821476392383786e+00 1.771049530600964594e+00 -3.378204213548032353e+00 -5.319511250220958498e-01 1.335582449748699663e+00 3.810640866321215459e+00
5.042256209011618751e+00 -1.778130663264549272e+00 -4.073108240575780137e+00 4.073108240575780137e+00 1.778130663264548161e+00 -3.361582372447396327e+00 -5.239536539562184014e-01 1.365288548476718988e+00 3.815917150719494444e+00
5.057964172279567627e+00 -1.785306486812047400e+00 -4.074878781167890374e+00 4.074878781167890374e+00 1.785306486812047622e+00 -3.344676526813335826e+00 -5.165555629358105083e-01 1.395239314693686783e+00 3.820944456036628356e+00
5.073672135547516504e+00 -1.792585968342780944e+00 -4.076135249823842344e+00 4.076135249823842344e+00 1.792585968342780944e+00 -3.327487850879416786e+00 -5.097528018414215767e-01 1.425415672326959315e+00 3.825724355510909280e+00
5.089380098815465381e+00 -1.799978022715921444e+00 -4.076879940457253326e+00 4.076879940457254214e+00 1.799978022715922554e+00 -3.310017649175264420e+00 -5.035412915835626446e-01 1.455798769567705042e+00 3.830258381929835476e+00
5.105088062083414258e+00 -1.807491496139915776e+00 -4.077115288417632932e+00 4.077115288417633820e+00 1.807491496139916887e+00 -3.292267357488403601e+00 -4.979169504339623353e-01 1.486370015034814474e+00 3.834548022347910479e+00
5.120796025351363134e+00 -1.815135149576220686e+00 -4.076843869657741593e+00 4.076843869657743369e+00 1.815135149576218687e+00 -3.274238543706635252e+00 -4.928757158600801658e-01 1.517111109196864982e+00 3.838594712908972806e+00
5.136503988619312011e+00 -1.822917642009691752e+00 -4.076068399890426797e+00 4.076068399890425908e+00 1.822917642009691308e+00 -3.255932908544130200e+00 -4.884135621071040156e-01 1.548004071282722771e+00 3.842399833788946673e+00
5.152211951887260888e+00 -1.830847513641064017e+00 -4.074791733734337562e+00 4.074791733734336674e+00 1.830847513641062907e+00 -3.237352286154411729e+00 -4.845265138105322444e-01 1.579031261950193166e+00 3.845964704275040447e+00
5.167919915155209765e+00 -1.838933169059840056e+00 -4.073016863848069491e+00 4.073016863848069491e+00 1.838933169059842054e+00 -3.218498644633457140e+00 -4.812106559492918545e-01 1.610175402009228041e+00 3.849290577997181106e+00
5.183627878423159530e+00 -1.847182860458420173e+00 -4.070746920052257245e+00 4.070746920052257245e+00 1.847182860458416398e+00 -3.199374086416096219e+00 -4.784621404654973431e-01 1.641419587512440659e+00 3.852378638327342397e+00
5.199335841691108406e+00 -1.855604670950208313e+00 -4.067985168439147259e+00 4.067985168439147259e+00 1.855604670950208090e+00 -3.179980848568853879e+00 -4.762771898840917340e-01 1.672747301533137554e+00 3.855229993962103308e+00
5.215043804959057283e+00 -1.864206498056251826e+00 -4.064735010469263443e+00 4.064735010469262555e+00 1.864206498056250494e+00 -3.160321302982374014e+00 -4.746520982650104248e-01 1.704142422950867486e+00 3.857845674703378247e+00
5.230751768227006160e+00 -1.872996037425728177e+00 -4.060999982054699586e+00 4.060999982054699586e+00 1.872996037425726845e+00 -3.140397956466518092e+00 -4.735832298138511476e-01 1.735589232558173212e+00 3.860226627451829096e+00
5.246459731494955037e+00 -1.881980766856448550e+00 -4.056783752628704498e+00 4.056783752628704498e+00 1.881980766856450327e+00 -3.120213450751162743e+00 -4.730670154653755510e-01 1.767072416791168887e+00 3.862373712426855121e+00
5.262167694762903913e+00 -1.891167930681289189e+00 -4.052090124201142451e+00 4.052090124201143340e+00 1.891167930681288745e+00 -3.099770562395648632e+00 -4.730999477389227215e-01 1.798577069371912307e+00 3.864287699626455463e+00
5.277875658030852790e+00 -1.900564524585991455e+00 -4.046923030399452337e+00 4.046923030399453225e+00 1.900564524585990567e+00 -3.079072202609833386e+00 -4.736785741468705346e-01 1.830088691133192613e+00 3.865969265539498601e+00
5.293583621298801667e+00 -1.910177280922565002e+00 -4.041286535494786669e+00 4.041286535494786669e+00 1.910177280922564558e+00 -3.058121416989540542e+00 -4.747994894176080782e-01 1.861593188277536504e+00 3.867418990122138744e+00
5.309291584566750544e+00 -1.920012654580707467e+00 -4.035184833412925443e+00 4.035184833412925443e+00 1.920012654580708356e+00 -3.036921385169193410e+00 -4.764593267737919913e-01 1.893076869302293241e+00 3.868637354049216270e+00
5.324999547834699420e+00 -1.930076809477373478e+00 -4.028622246729646861e+00 4.028622246729645973e+00 1.930076809477374811e+00 -3.015475420394298389e+00 -4.786547484856294998e-01 1.924526440802502458e+00 3.869624736250538710e+00
5.340707511102649185e+00 -1.940375605721619046e+00 -4.021603225650192570e+00 4.021603225650192570e+00 1.940375605721620378e+00 -2.993786969016350330e+00 -4.813824358978981977e-01 1.955929002343249401e+00 3.870381411740895672e+00
5.356415474370598062e+00 -1.950914587508463471e+00 -4.014132346972465903e+00 4.014132346972465903e+00 1.950914587508463693e+00 -2.971859609912727684e+00 -4.846390791089970618e-01 1.987272040573662357e+00 3.870907549751600119e+00
5.372123437638546939e+00 -1.961698971791473900e+00 -4.006214313033629182e+00 4.006214313033629182e+00 1.961698971791472790e+00 -2.949697053833888916e+00 -4.884213664605907557e-01 2.018543422736174264e+00 3.871203212170213348e+00
5.387831400906495816e+00 -1.972733637779377380e+00 -3.997853950639713272e+00 3.997853950639712828e+00 1.972733637779378491e+00 -2.927303142680282910e+00 -4.927259739776473357e-01 2.049731389706852980e+00 3.871268352293899540e+00
5.403539364174444692e+00 -1.984023117297114558e+00 -3.989056209977874357e+00 3.989056209977874357e+00 1.984023117297116556e+00 -2.904681848711138326e+00 -4.975495548811192936e-01 2.080824548686285080e+00 3.871102813900730855e+00
5.419247327442393569e+00 -1.995571586046537726e+00 -3.979826163510926218e+00 3.979826163510925330e+00 1.995571586046538615e+00 -2.881837273687262169e+00 -5.028887292790202856e-01 2.111811865645085717e+00 3.870706330641931814e+00
5.434955290710342446e+00 -2.007382855796409959e+00 -3.970169004853706607e+00 3.970169004853707051e+00 2.007382855796409071e+00 -2.858773647949892194e+00 -5.087400741265444282e-01 2.142682657614183750e+00 3.870078525756859289e+00
5.450663253978291323e+00 -2.019460367525646838e+00 -3.960090047630914434e+00 3.960090047630914434e+00 2.019460367525649058e+00 -2.835495329437498047e+00 -5.151001135319021040e-01 2.173426584897215186e+00 3.869218912111279884e+00
5.466371217246240199e+00 -2.031807185537707117e+00 -3.949594724315913741e+00 3.949594724315913297e+00 2.031807185537706673e+00 -2.812006802642372350e+00 -5.219653094718182951e-01 2.204033643270826293e+00 3.868126892558119145e+00
5.482079180514189076e+00 -2.044425992558095206e+00 -3.938688585050091451e+00 3.938688585050091007e+00 2.044425992558092986e+00 -2.788312677508730353e+00 -5.293320529691857290e-01 2.234494156228337580e+00 3.866801760618836070e+00
5.497787143782138841e+00 -2.057319085820807469e+00 -3.927377296442220445e+00 3.927377296442221333e+00 2.057319085820807469e+00 -2.764417688273920870e+00 -5.371966557748745208e-01 2.264798767312901528e+00 3.865242701482085153e+00
5.513495107050087718e+00 -2.070488374143587329e+00 -3.915666640347367444e+00 3.915666640347367000e+00 2.070488374143587329e+00 -2.740326692254294372e+00 -5.455553425864343442e-01 2.294938432578128573e+00 3.863448793315357399e+00
5.529203070318036595e+00 -2.083935375985851213e+00 -3.903562512624683567e+00 3.903562512624683123e+00 2.083935375985853877e+00 -2.716044668577113796e+00 -5.544042438280716301e-01 2.324904413206847487e+00 3.861419008883985704e+00
5.544911033585985471e+00 -2.097661218477540057e+00 -3.891070921873584609e+00 3.891070921873585498e+00 2.097661218477539613e+00 -2.691576716859849228e+00 -5.637393890088727710e-01 2.354688268312296717e+00 3.859152217470863899e+00
5.560618996853934348e+00 -2.111666637401491187e+00 -3.878197988147579434e+00 3.878197988147580766e+00 2.111666637401491631e+00 -2.666928055838048817e+00 -5.735567006696942194e-01 2.384281847940470822e+00 3.856647187089109252e+00
5.576326960121883225e+00 -2.125951978106917828e+00 -3.864949941645117626e+00 3.864949941645117182e+00 2.125951978106919160e+00 -2.642104021942914827e+00 -5.838519889234171645e-01 2.413677286287510437e+00 3.853902586978945166e+00
5.592034923389832102e+00 -2.140517197326510690e+00 -3.851333121376658841e+00 3.851333121376658397e+00 2.140517197326510690e+00 -2.617110067829598652e+00 -5.946209465881548972e-01 2.442866995141821373e+00 3.850916990379088745e+00
5.607742886657780979e+00 -2.155361865865357274e+00 -3.837353973807194674e+00 3.837353973807193785e+00 2.155361865865356830e+00 -2.591951760857107878e+00 -6.058591449087210590e-01 2.471843657557005525e+00 3.847688877562142284e+00
5.623450849925729855e+00 -2.170485172125792506e+00 -3.823019051473346419e+00 3.823019051473346419e+00 2.170485172125791618e+00 -2.566634781520684694e+00 -6.175620298577666478e-01 2.500600221758638941e+00 3.844216639122574275e+00
5.639158813193678732e+00 -2.185885926428627002e+00 -3.808335011574098150e+00 3.808335011574095930e+00 2.185885926428627002e+00 -2.541164921837335555e+00 -6.297249190048564982e-01 2.529129895285270102e+00 3.840498579505283949e+00
5.654866776461628497e+00 -2.201562566088162143e+00 -3.793308614534165013e+00 3.793308614534165013e+00 2.201562566088161699e+00 -2.515548083685152925e+00 -6.423429989389424222e-01 2.557426139361871797e+00 3.836532920762015131e+00
5.670574739729577374e+00 -2.217513161195712179e+00 -3.777946722538952251e+00 3.777946722538951807e+00 2.217513161195714400e+00 -2.489790277096977533e+00 -6.554113232274187961e-01 2.585482663502048695e+00 3.832317806522441472e+00
5.686282702997526250e+00 -2.233735421064237947e+00 -3.762256298039881042e+00 3.762256298039880598e+00 2.233735421064237947e+00 -2.463897618508797738e+00 -6.689248108930102577e-01 2.613293420333890005e+00 3.827851306166166978e+00
5.701990666265475127e+00 -2.250226701284951059e+00 -3.746244402228890102e+00 3.746244402228890102e+00 2.250226701284951059e+00 -2.437876328963266115e+00 -6.828782453882055181e-01 2.640852600642971115e+00 3.823131419181584167e+00
5.717698629533424004e+00 -2.266984011345728689e+00 -3.729918193480745270e+00 3.729918193480746602e+00 2.266984011345727801e+00 -2.411732732268564661e+00 -6.972662740457424846e-01 2.668154628625091895e+00 3.818156079697276883e+00
5.733406592801372881e+00 -2.284004022760295793e+00 -3.713284925761733746e+00 3.713284925761733746e+00 2.284004022760296682e+00 -2.385473253112800229e+00 -7.120834079826716678e-01 2.695194157340500940e+00 3.812923161171339004e+00
5.749114556069321758e+00 -2.301283077656987253e+00 -3.696351947003189142e+00 3.696351947003190030e+00 2.301283077656986809e+00 -2.359104415133981725e+00 -7.273240224348779259e-01 2.721966064360649362e+00 3.807430481223985197e+00
5.764822519337270634e+00 -2.318817197775973504e+00 -3.679126697438188209e+00 3.679126697438189986e+00 2.318817197775973060e+00 -2.332632838945586151e+00 -7.429823574984829593e-01 2.748465447598150480e+00 3.801675806598684204e+00
5.780530482605219511e+00 -2.336602093824474036e+00 -3.661616707899668199e+00 3.661616707899668199e+00 2.336602093824473592e+00 -2.306065240117616266e+00 -7.590525192543001731e-01 2.774687621310171881e+00 3.795656858237199671e+00
5.796238445873168388e+00 -2.354633175140300683e+00 -3.643829598078062393e+00 3.643829598078061949e+00 2.354633175140300683e+00 -2.279408427112963320e+00 -7.755284812514521287e-01 2.800628112265274972e+00 3.789371316453912009e+00
5.811946409141118153e+00 -2.372905559615375193e+00 -3.625773074736407864e+00 3.625773074736406976e+00 2.372905559615374749e+00 -2.252669299178823081e+00 -7.924040863263649426e-01 2.826282656063558552e+00 3.782816826195102511e+00
5.827654372409067030e+00 -2.391414083832351434e+00 -3.607454929880802297e+00 3.607454929880802297e+00 2.391414083832350546e+00 -2.225854844192830750e+00 -8.096730487335868087e-01 2.851647193599856411e+00 3.775991002369024407e+00
5.843362335677015906e+00 -2.410153313369315153e+00 -3.588883038883869059e+00 3.588883038883869503e+00 2.410153313369314265e+00 -2.198972136463486660e+00 -8.273289565652462985e-01 2.876717867659811745e+00 3.768891435232999410e+00
5.859070298944964783e+00 -2.429117553229446447e+00 -3.570065358558795143e+00 3.570065358558795143e+00 2.429117553229446447e+00 -2.172028334484410905e+00 -8.453652744364155147e-01 2.901491019638533508e+00 3.761515695824074967e+00
5.874778262212913660e+00 -2.448300858354789611e+00 -3.551009925181324967e+00 3.551009925181326743e+00 2.448300858354791387e+00 -2.145030678641853150e+00 -8.637753464142345905e-01 2.925963186371768554e+00 3.753861341420244635e+00
5.890486225480862537e+00 -2.467697044185568789e+00 -3.531724852456929575e+00 3.531724852456928687e+00 2.467697044185568789e+00 -2.117986488874848749e+00 -8.825523991692716397e-01 2.950131097069585095e+00 3.745925921019681581e+00
5.906194188748811413e+00 -2.487299697228890771e+00 -3.512218329430194075e+00 3.512218329430193187e+00 2.487299697228891215e+00 -2.090903162287320427e+00 -9.016895453282817163e-01 2.973991670342653659e+00 3.737706980825954872e+00
5.921902152016760290e+00 -2.507102185603282685e+00 -3.492498618333348404e+00 3.492498618333348404e+00 2.507102185603282241e+00 -2.063788170711405190e+00 -9.211797870083414663e-01 2.997542011311460808e+00 3.729202069727755919e+00
5.937610115284709167e+00 -2.527097669527921031e+00 -3.472574052370544173e+00 3.472574052370544617e+00 2.527097669527922807e+00 -2.036649058221188469e+00 -9.410160195130751193e-01 3.020779408788931697e+00 3.720408744762234488e+00
5.953318078552658044e+00 -2.547279111728161016e+00 -3.452453033434486951e+00 3.452453033434486951e+00 2.547279111728160128e+00 -2.009493438596007042e+00 -9.611910351725615476e-01 3.043701332527121384e+00 3.711324576551629839e+00
5.969026041820607809e+00 -2.567639287731361186e+00 -3.432144029751639014e+00 3.432144029751639902e+00 2.567639287731360298e+00 -1.982328992732428796e+00 -9.816975273093617727e-01 3.066305430518867947e+00 3.701947154703537191e+00
5.984734005088556685e+00 -2.588170796029710008e+00 -3.411655573452184065e+00 3.411655573452184065e+00 2.588170796029708232e+00 -1.955163466003986272e+00 -1.002528094313987816e+00 3.088589526345498104e+00 3.692274093165799353e+00
6.000441968356505562e+00 -2.608866068089092050e+00 -3.390996258060579915e+00 3.390996258060579915e+00 2.608866068089090717e+00 -1.928004665567680576e+00 -1.023675243814034852e+00 3.110551616561889166e+00 3.682303035527596968e+00
6.016149931624454439e+00 -2.629717378185578269e+00 -3.370174735902483842e+00 3.370174735902484286e+00 2.629717378185578269e+00 -1.900860457616291965e+00 -1.045131396922014844e+00 3.132189868110418107e+00 3.672031660259081676e+00
6.031857894892403316e+00 -2.650716853053340039e+00 -3.349199715423462287e+00 3.349199715423460955e+00 2.650716853053339594e+00 -1.873738764575489268e+00 -1.066888892547996459e+00 3.153502615755557681e+00 3.661457685882452129e+00
6.047565858160352192e+00 -2.671856481330102451e+00 -3.328079958414800199e+00 3.328079958414800643e+00 2.671856481330103339e+00 -1.846647562244710716e+00 -1.088939991763788973e+00 3.174488359531090875e+00 3.650578876068116152e+00
6.063273821428301069e+00 -2.693128122788375656e+00 -3.306824277141478419e+00 3.306824277141477975e+00 2.693128122788375212e+00 -1.819594876880815226e+00 -1.111276882206508887e+00 3.195145762192114880e+00 3.639393044650197417e+00
6.078981784696249946e+00 -2.714523517342632530e+00 -3.285441531367129020e+00 3.285441531367129464e+00 2.714523517342632530e+00 -1.792588782223505151e+00 -1.133891682510061116e+00 3.215473646664319229e+00 3.627898060556308479e+00
6.094689747964198823e+00 -2.736034293824603392e+00 -3.263940625270657758e+00 3.263940625270657758e+00 2.736034293824602948e+00 -1.765637396461524400e+00 -1.156776446753995380e+00 3.235470993483115620e+00 3.616091852647159932e+00
6.110397711232148588e+00 -2.757651978520544667e+00 -3.242330504248911893e+00 3.242330504248912337e+00 2.757651978520545111e+00 -1.738748879138694692e+00 -1.179923168919957854e+00 3.255136938215544617e+00 3.603972414462205620e+00
6.126105674500097464e+00 -2.779368003465998438e+00 -3.220620151599677072e+00 3.220620151599677516e+00 2.779368003465998438e+00 -1.711931427998889754e+00 -1.203323787346744389e+00 3.274470768858041669e+00 3.591537808868143777e+00
6.141813637768046341e+00 -2.801173714495073686e+00 -3.198818585078960997e+00 3.198818585078960108e+00 2.801173714495073686e+00 -1.685193275769074628e+00 -1.226970189175735637e+00 3.293471923203387774e+00 3.578786172607650862e+00
6.157521601035995218e+00 -2.823060379042682921e+00 -3.176934853326500718e+00 3.176934853326500718e+00 2.823060379042682477e+00 -1.658542686879678874e+00 -1.250854214779226092e+00 3.312139986170411721e+00 3.565715720746404305e+00
6.173229564303944095e+00 -2.845019193699366511e+00 -3.154978032153101797e+00 3.154978032153101797e+00 2.845019193699366955e+00 -1.631987954121590034e+00 -1.274967662164815829e+00 3.330474687090232422e+00 3.552324751016894044e+00
6.188937527571892971e+00 -2.867041291519540014e+00 -3.132957220683335819e+00 3.132957220683335819e+00 2.867041291519540014e+00 -1.605537395239199583e+00 -1.299302291349745175e+00 3.348475896943097663e+00 3.538611648058167969e+00
6.204645490839841848e+00 -2.889117749084993303e+00 -3.110881537347016224e+00 3.110881537347016224e+00 2.889117749084993303e+00 -1.579199349459053936e+00 -1.323849828699628306e+00 3.366143625540075845e+00 3.524574887551119584e+00
6.220353454107790725e+00 -2.911239593326356179e+00 -3.088760115712653409e+00 3.088760115712654297e+00 2.911239593326356623e+00 -1.552982173953789236e+00 -1.348601971226695451e+00 3.383478018644127783e+00 3.510213040249444916e+00
6.236061417375739602e+00 -2.933397808106087634e+00 -3.066602100156105237e+00 3.066602100156106125e+00 2.933397808106088522e+00 -1.526894240241212231e+00 -1.373550390843182312e+00 3.400479355025380013e+00 3.495524775906894366e+00
6.251769380643688478e+00 -2.955583340567193851e+00 -3.044416641357492903e+00 3.044416641357492459e+00 2.955583340567194295e+00 -1.500943930518562119e+00 -1.398686738566014220e+00 3.417148043445619621e+00 3.480508867101882231e+00
6.267477343911638243e+00 -2.977787107252527488e+00 -3.022212891619480590e+00 3.022212891619481479e+00 2.977787107252527932e+00 -1.475139633932194050e+00 -1.424002648669513205e+00 3.433484619567375162e+00 3.465164192960974443e+00
